1.0000000000000	0.87448060512543	      -0.42961093783379	50.000000000000	0.0000000000000
1.0049999952316	0.87338143587112	      -0.43169644474983	50.000000000000	0.0000000000000
1.0099999904633	0.87227356433868	      -0.43378391861916	50.000000000000	0.0000000000000
1.0149999856949	0.87115663290024	      -0.43587306141853	50.000000000000	0.0000000000000
1.0199999809265	0.87003046274185	      -0.43796348571777	50.000000000000	0.0000000000000
1.0249999761581	0.86889457702637	      -0.44005498290062	50.000000000000	0.0000000000000
1.0299999713898	0.86774897575378	      -0.44214713573456	50.000000000000	0.0000000000000
1.0349999666214	0.86659336090088	      -0.44423958659172	50.000000000000	0.0000000000000
1.0399999618530	0.86542773246765	      -0.44633197784424	50.000000000000	0.0000000000000
1.0449999570847	0.86425191164017	      -0.44842392206192	50.000000000000	0.0000000000000
1.0499999523163	0.86306589841843	      -0.45051506161690	50.000000000000	0.0000000000000
1.0549999475479	0.86186957359314	      -0.45260503888130	50.000000000000	0.0000000000000
1.0599999427795	0.86066305637360	      -0.45469343662262	50.000000000000	0.0000000000000
1.0650000572205	0.85944640636444	      -0.45677980780602	50.000000000000	0.0000000000000
1.0700000524521	0.85821974277496	      -0.45886403322220	50.000000000000	0.0000000000000
1.0750000476837	0.85698306560516	      -0.46094554662704	50.000000000000	0.0000000000000
1.0800000429153	0.85573667287827	      -0.46302416920662	50.000000000000	0.0000000000000
1.0850000381470	0.85448062419891	      -0.46509963274002	50.000000000000	0.0000000000000
1.0900000333786	0.85321521759033	      -0.46717157959938	50.000000000000	0.0000000000000
1.0950000286102	0.85194069147110	      -0.46923974156380	50.000000000000	0.0000000000000
1.1000000238419	0.85065728425980	      -0.47130411863327	50.000000000000	0.0000000000000
1.1050000190735	0.84936517477036	      -0.47336420416832	50.000000000000	0.0000000000000
1.1100000143051	0.84806478023529	      -0.47542014718056	50.000000000000	0.0000000000000
1.1150000095367	0.84675621986389	      -0.47747176885605	50.000000000000	0.0000000000000
1.1200000047684	0.84544003009796	      -0.47951889038086	50.000000000000	0.0000000000000
1.1250000000000	0.84411633014679	      -0.48156157135963	50.000000000000	0.0000000000000
1.1299999952316	0.84278553724289	      -0.48359966278076	50.000000000000	0.0000000000000
1.1349999904633	0.84144783020020	      -0.48563337326050	50.000000000000	0.0000000000000
1.1399999856949	0.84010350704193	      -0.48766261339188	50.000000000000	0.0000000000000
1.1449999809265	0.83875292539597	      -0.48968753218651	50.000000000000	0.0000000000000
1.1499999761581	0.83739632368088	      -0.49170824885368	50.000000000000	0.0000000000000
1.1549999713898	0.83603388071060	      -0.49372491240501	50.000000000000	0.0000000000000
1.1599999666214	0.83466583490372	      -0.49573767185211	50.000000000000	0.0000000000000
1.1649999618530	0.83329236507416	      -0.49774661660194	50.000000000000	0.0000000000000
1.1699999570847	0.83191376924515	      -0.49975222349167	50.000000000000	0.0000000000000
1.1749999523163	0.83053004741669	      -0.50175440311432	50.000000000000	0.0000000000000
1.1799999475479	0.82914137840271	      -0.50375372171402	50.000000000000	0.0000000000000
1.1849999427795	0.82774794101715	      -0.50575006008148	50.000000000000	0.0000000000000
1.1900000572205	0.82634949684143	      -0.50774395465851	50.000000000000	0.0000000000000
1.1950000524521	0.82494640350342	      -0.50973570346832	50.000000000000	0.0000000000000
1.2000000476837	0.82353854179382	      -0.51172530651093	50.000000000000	0.0000000000000
1.2050000429153	0.82212591171265	      -0.51371335983276	50.000000000000	0.0000000000000
1.2100000381470	0.82070839405060	      -0.51569986343384	50.000000000000	0.0000000000000
1.2150000333786	0.81928586959839	      -0.51768523454666	50.000000000000	0.0000000000000
1.2200000286102	0.81785827875137	      -0.51966965198517	50.000000000000	0.0000000000000
1.2250000238419	0.81642556190491	      -0.52165341377258	50.000000000000	0.0000000000000
1.2300000190735	0.81498742103577	      -0.52363663911819	50.000000000000	0.0000000000000
1.2350000143051	0.81354367733002	      -0.52561974525452	50.000000000000	0.0000000000000
1.2400000095367	0.81209409236908	      -0.52760249376297	50.000000000000	0.0000000000000
1.2450000047684	0.81063854694366	      -0.52958559989929	50.000000000000	0.0000000000000
1.2500000000000	0.80917698144913	      -0.53156840801239	50.000000000000	0.0000000000000
1.2549999952316	0.80770844221115	      -0.53355205059052	50.000000000000	0.0000000000000
1.2599999904633	0.80623322725296	      -0.53553611040115	50.000000000000	0.0000000000000
1.2649999856949	0.80475103855133	      -0.53752022981644	50.000000000000	0.0000000000000
1.2699999809265	0.80326128005981	      -0.53950524330139	50.000000000000	0.0000000000000
1.2749999761581	0.80176389217377	      -0.54149061441422	50.000000000000	0.0000000000000
1.2799999713898	0.80025857686996	      -0.54347646236420	50.000000000000	0.0000000000000
1.2849999666214	0.79874503612518	      -0.54546272754669	50.000000000000	0.0000000000000
1.2899999618530	0.79722297191620	      -0.54744929075241	50.000000000000	0.0000000000000
1.2949999570847	0.79569190740585	      -0.54943621158600	50.000000000000	0.0000000000000
1.2999999523163	0.79415172338486	      -0.55142349004745	50.000000000000	0.0000000000000
1.3049999475479	0.79260247945786	      -0.55341041088104	50.000000000000	0.0000000000000
1.3099999427795	0.79104322195053	      -0.55539751052856	50.000000000000	0.0000000000000
1.3150000572205	0.78947448730469	      -0.55738401412964	50.000000000000	0.0000000000000
1.3200000524521	0.78789561986923	      -0.55937004089355	50.000000000000	0.0000000000000
1.3250000476837	0.78630673885345	      -0.56135499477386	50.000000000000	0.0000000000000
1.3300000429153	0.78470736742020	      -0.56333905458450	50.000000000000	0.0000000000000
1.3350000381470	0.78309744596481	      -0.56532204151154	50.000000000000	0.0000000000000
1.3400000333786	0.78147709369659	      -0.56730312108994	50.000000000000	0.0000000000000
1.3450000286102	0.77984577417374	      -0.56928282976151	50.000000000000	0.0000000000000
1.3500000238419	0.77820396423340	      -0.57126021385193	50.000000000000	0.0000000000000
1.3550000190735	0.77655106782913	      -0.57323557138443	50.000000000000	0.0000000000000
1.3600000143051	0.77488756179810	      -0.57520800828934	50.000000000000	0.0000000000000
1.3650000095367	0.77321320772171	      -0.57717776298523	50.000000000000	0.0000000000000
1.3700000047684	0.77152782678604	      -0.57914465665817	50.000000000000	0.0000000000000
1.3750000000000	0.76983189582825	      -0.58110791444778	50.000000000000	0.0000000000000
1.3799999952316	0.76812517642975	      -0.58306771516800	50.000000000000	0.0000000000000
1.3849999904633	0.76640784740448	      -0.58502382040024	50.000000000000	0.0000000000000
1.3899999856949	0.76467996835709	      -0.58697593212128	50.000000000000	0.0000000000000
1.3949999809265	0.76294171810150	      -0.58892393112183	50.000000000000	0.0000000000000
1.3999999761581	0.76119315624237	      -0.59086757898331	50.000000000000	0.0000000000000
1.4049999713898	0.75943458080292	      -0.59280657768250	50.000000000000	0.0000000000000
1.4099999666214	0.75766599178314	      -0.59474116563797	50.000000000000	0.0000000000000
1.4149999618530	0.75588756799698	      -0.59667086601257	50.000000000000	0.0000000000000
1.4199999570847	0.75409942865372	      -0.59859585762024	50.000000000000	0.0000000000000
1.4249999523163	0.75230187177658	      -0.60051590204239	50.000000000000	0.0000000000000
1.4299999475479	0.75049495697021	      -0.60243099927902	50.000000000000	0.0000000000000
1.4349999427795	0.74867886304855	      -0.60434114933014	50.000000000000	0.0000000000000
1.4400000572205	0.74685382843018	      -0.60624641180038	50.000000000000	0.0000000000000
1.4450000524521	0.74501991271973	      -0.60814660787582	50.000000000000	0.0000000000000
1.4500000476837	0.74317717552185	      -0.61004191637039	50.000000000000	0.0000000000000
1.4550000429153	0.74132597446442	      -0.61193227767944	50.000000000000	0.0000000000000
1.4600000381470	0.73946624994278	      -0.61381787061691	50.000000000000	0.0000000000000
1.4650000333786	0.73759824037552	      -0.61569869518280	50.000000000000	0.0000000000000
1.4700000286102	0.73572194576263	      -0.61757487058640	50.000000000000	0.0000000000000
1.4750000238419	0.73383748531342	      -0.61944651603699	50.000000000000	0.0000000000000
1.4800000190735	0.73194485902786	      -0.62131375074387	50.000000000000	0.0000000000000
1.4850000143051	0.73004418611526	      -0.62317675352097	50.000000000000	0.0000000000000
1.4900000095367	0.72813540697098	      -0.62503546476364	50.000000000000	0.0000000000000
1.4950000047684	0.72621858119965	      -0.62689018249512	50.000000000000	0.0000000000000
1.5000000000000	0.72429376840591	      -0.62874096632004	50.000000000000	0.0000000000000
1.5049999952316	0.72236078977585	      -0.63058805465698	50.000000000000	0.0000000000000
1.5099999904633	0.72041964530945	      -0.63243156671524	50.000000000000	0.0000000000000
1.5149999856949	0.71847015619278	      -0.63427144289017	50.000000000000	0.0000000000000
1.5199999809265	0.71651244163513	      -0.63610798120499	50.000000000000	0.0000000000000
1.5249999761581	0.71454626321793	      -0.63794124126434	50.000000000000	0.0000000000000
1.5299999713898	0.71257144212723	      -0.63977134227753	50.000000000000	0.0000000000000
1.5349999666214	0.71058791875839	      -0.64159840345383	50.000000000000	0.0000000000000
1.5399999618530	0.70859551429749	      -0.64342236518860	50.000000000000	0.0000000000000
1.5449999570847	0.70659410953522	      -0.64524346590042	50.000000000000	0.0000000000000
1.5499999523163	0.70458322763443	      -0.64706176519394	50.000000000000	0.0000000000000
1.5549999475479	0.70256298780441	      -0.64887720346451	50.000000000000	0.0000000000000
1.5599999427795	0.70053309202194	      -0.65068989992142	50.000000000000	0.0000000000000
1.5650000572205	0.69849342107773	      -0.65249955654144	50.000000000000	0.0000000000000
1.5700000524521	0.69644349813461	      -0.65430653095245	50.000000000000	0.0000000000000
1.5750000476837	0.69438338279724	      -0.65611070394516	50.000000000000	0.0000000000000
1.5800000429153	0.69231265783310	      -0.65791177749634	50.000000000000	0.0000000000000
1.5850000381470	0.69023114442825	      -0.65970993041992	50.000000000000	0.0000000000000
1.5900000333786	0.68813866376877	      -0.66150498390198	50.000000000000	0.0000000000000
1.5950000286102	0.68603491783142	      -0.66329681873322	50.000000000000	0.0000000000000
1.6000000238419	0.68391984701157	      -0.66508525609970	50.000000000000	0.0000000000000
1.6050000190735	0.68179315328598	      -0.66687023639679	50.000000000000	0.0000000000000
1.6100000143051	0.67965471744537	      -0.66865152120590	50.000000000000	0.0000000000000
1.6150000095367	0.67750418186188	      -0.67042905092239	50.000000000000	0.0000000000000
1.6200000047684	0.67534154653549	      -0.67220246791840	50.000000000000	0.0000000000000
1.6250000000000	0.67316663265228	      -0.67397171258926	50.000000000000	0.0000000000000
1.6299999952316	0.67097926139832	      -0.67573648691177	50.000000000000	0.0000000000000
1.6349999904633	0.66877931356430	      -0.67749655246735	50.000000000000	0.0000000000000
1.6399999856949	0.66656655073166	      -0.67925173044205	50.000000000000	0.0000000000000
1.6449999809265	0.66434097290039	      -0.68100178241730	50.000000000000	0.0000000000000
1.6499999761581	0.66210263967514	      -0.68274641036987	50.000000000000	0.0000000000000
1.6549999713898	0.65985131263733	      -0.68448543548584	50.000000000000	0.0000000000000
1.6599999666214	0.65758693218231	      -0.68621855974197	50.000000000000	0.0000000000000
1.6649999618530	0.65530961751938	      -0.68794554471970	50.000000000000	0.0000000000000
1.6699999570847	0.65301913022995	      -0.68966621160507	50.000000000000	0.0000000000000
1.6749999523163	0.65071564912796	      -0.69138026237488	50.000000000000	0.0000000000000
1.6799999475479	0.64839911460876	      -0.69308739900589	50.000000000000	0.0000000000000
1.6849999427795	0.64606958627701	      -0.69478756189346	50.000000000000	0.0000000000000
1.6900000572205	0.64372706413269	      -0.69648033380508	50.000000000000	0.0000000000000
1.6950000524521	0.64137160778046	      -0.69816559553146	50.000000000000	0.0000000000000
1.7000000476837	0.63900327682495	      -0.69984316825867	50.000000000000	0.0000000000000
1.7050000429153	0.63662213087082	      -0.70151287317276	50.000000000000	0.0000000000000
1.7100000381470	0.63422822952271	      -0.70317441225052	50.000000000000	0.0000000000000
1.7150000333786	0.63182163238525	      -0.70482766628265	50.000000000000	0.0000000000000
1.7200000286102	0.62940257787704	      -0.70647269487381	50.000000000000	0.0000000000000
1.7250000238419	0.62697106599808	      -0.70810902118683	50.000000000000	0.0000000000000
1.7300000190735	0.62452709674835	      -0.70973670482635	50.000000000000	0.0000000000000
1.7350000143051	0.62207078933716	      -0.71135550737381	50.000000000000	0.0000000000000
1.7400000095367	0.61960232257843	      -0.71296548843384	50.000000000000	0.0000000000000
1.7450000047684	0.61712181568146	      -0.71456646919250	50.000000000000	0.0000000000000
1.7500000000000	0.61462920904160	      -0.71615833044052	50.000000000000	0.0000000000000
1.7549999952316	0.61212474107742	      -0.71774101257324	50.000000000000	0.0000000000000
1.7599999904633	0.60960829257965	      -0.71931451559067	50.000000000000	0.0000000000000
1.7649999856949	0.60708010196686	      -0.72087872028351	50.000000000000	0.0000000000000
1.7699999809265	0.60454010963440	      -0.72243380546570	50.000000000000	0.0000000000000
1.7749999761581	0.60198837518692	      -0.72397941350937	50.000000000000	0.0000000000000
1.7799999713898	0.59942501783371	      -0.72551566362381	50.000000000000	0.0000000000000
1.7849999666214	0.59684979915619	      -0.72704243659973	50.000000000000	0.0000000000000
1.7899999618530	0.59426307678223	      -0.72855997085571	50.000000000000	0.0000000000000
1.7949999570847	0.59166473150253	      -0.73006796836853	50.000000000000	0.0000000000000
1.7999999523163	0.58905470371246	      -0.73156648874283	50.000000000000	0.0000000000000
1.8049999475479	0.58643287420273	      -0.73305565118790	50.000000000000	0.0000000000000
1.8099999427795	0.58379930257797	      -0.73453527688980	50.000000000000	0.0000000000000
1.8150000572205	0.58115398883820	      -0.73600536584854	50.000000000000	0.0000000000000
1.8200000524521	0.57849669456482	      -0.73746591806412	50.000000000000	0.0000000000000
1.8250000476837	0.57582753896713	      -0.73891687393188	50.000000000000	0.0000000000000
1.8300000429153	0.57314634323120	      -0.74035823345184	50.000000000000	0.0000000000000
1.8350000381470	0.57045298814774	      -0.74178987741470	50.000000000000	0.0000000000000
1.8400000333786	0.56774735450745	      -0.74321168661118	50.000000000000	0.0000000000000
1.8450000286102	0.56502938270569	      -0.74462378025055	50.000000000000	0.0000000000000
1.8500000238419	0.56229895353317	      -0.74602591991425	50.000000000000	0.0000000000000
1.8550000190735	0.55955588817596	      -0.74741798639297	50.000000000000	0.0000000000000
1.8600000143051	0.55679994821548	      -0.74880003929138	50.000000000000	0.0000000000000
1.8650000095367	0.55403119325638	      -0.75017166137695	50.000000000000	0.0000000000000
1.8700000047684	0.55124926567078	      -0.75153297185898	50.000000000000	0.0000000000000
1.8750000000000	0.54845422506332	      -0.75288361310959	50.000000000000	0.0000000000000
1.8799999952316	0.54564589262009	      -0.75422346591949	50.000000000000	0.0000000000000
1.8849999904633	0.54282397031784	      -0.75555235147476	50.000000000000	0.0000000000000
1.8899999856949	0.53998845815659	      -0.75687009096146	50.000000000000	0.0000000000000
1.8949999809265	0.53713917732239	      -0.75817638635635	50.000000000000	0.0000000000000
1.8999999761581	0.53427606821060	      -0.75947099924088	50.000000000000	0.0000000000000
1.9049999713898	0.53139877319336	      -0.76075381040573	50.000000000000	0.0000000000000
1.9099999666214	0.52850747108459	      -0.76202434301376	50.000000000000	0.0000000000000
1.9149999618530	0.52560192346573	      -0.76328247785568	50.000000000000	0.0000000000000
1.9199999570847	0.52268201112747	      -0.76452773809433	50.000000000000	0.0000000000000
1.9249999523163	0.51974761486053	      -0.76575994491577	50.000000000000	0.0000000000000
1.9299999475479	0.51679885387421	      -0.76697874069214	50.000000000000	0.0000000000000
1.9349999427795	0.51383554935455	      -0.76818388700485	50.000000000000	0.0000000000000
1.9400000572205	0.51085752248764	      -0.76937478780746	50.000000000000	0.0000000000000
1.9450000524521	0.50786495208740	      -0.77055138349533	50.000000000000	0.0000000000000
1.9500000476837	0.50485789775848	      -0.77171307802200	50.000000000000	0.0000000000000
1.9550000429153	0.50183600187302	      -0.77285981178284	50.000000000000	0.0000000000000
1.9600000381470	0.49879959225655	      -0.77399092912674	50.000000000000	0.0000000000000
1.9650000333786	0.49574854969978	      -0.77510613203049	50.000000000000	0.0000000000000
1.9700000286102	0.49268314242363	      -0.77620512247086	50.000000000000	0.0000000000000
1.9750000238419	0.48960313200951	      -0.77728742361069	50.000000000000	0.0000000000000
1.9800000190735	0.48650881648064	      -0.77835279703140	50.000000000000	0.0000000000000
1.9850000143051	0.48340028524399	      -0.77940076589584	50.000000000000	0.0000000000000
1.9900000095367	0.48027750849724	      -0.78043115139008	50.000000000000	0.0000000000000
1.9950000047684	0.47714066505432	      -0.78144335746765	50.000000000000	0.0000000000000
2.0000000000000	0.47399002313614	      -0.78243708610535	50.000000000000	0.0000000000000
2.0050001144409	0.47082549333572	      -0.78341221809387	50.000000000000	0.0000000000000
2.0099999904633	0.46764749288559	      -0.78436803817749	50.000000000000	0.0000000000000
2.0150001049042	0.46445611119270	      -0.78530448675156	50.000000000000	0.0000000000000
2.0199999809265	0.46125143766403	      -0.78622108697891	50.000000000000	0.0000000000000
2.0250000953674	0.45803374052048	      -0.78711754083633	50.000000000000	0.0000000000000
2.0299999713898	0.45480304956436	      -0.78799372911453	50.000000000000	0.0000000000000
2.0350000858307	0.45155999064445	      -0.78884911537170	50.000000000000	0.0000000000000
2.0399999618530	0.44830435514450	      -0.78968340158463	50.000000000000	0.0000000000000
2.0450000762939	0.44503647089005	      -0.79049646854401	50.000000000000	0.0000000000000
2.0499999523163	0.44175663590431	      -0.79128789901733	50.000000000000	0.0000000000000
2.0550000667572	0.43846508860588	      -0.79205745458603	50.000000000000	0.0000000000000
2.0599999427795	0.43516194820404	      -0.79280489683151	50.000000000000	0.0000000000000
2.0650000572205	0.43184751272202	      -0.79352992773056	50.000000000000	0.0000000000000
2.0699999332428	0.42852205038071	      -0.79423242807388	50.000000000000	0.0000000000000
2.0750000476837	0.42518571019173	      -0.79491192102432	50.000000000000	0.0000000000000
2.0799999237061	0.42183876037598	      -0.79556834697723	50.000000000000	0.0000000000000
2.0850000381470	0.41848140954971	      -0.79620128870010	50.000000000000	0.0000000000000
2.0899999141693	0.41511383652687	      -0.79681074619293	50.000000000000	0.0000000000000
2.0950000286102	0.41173654794693	      -0.79739630222321	50.000000000000	0.0000000000000
2.0999999046326	0.40834945440292	      -0.79795777797699	50.000000000000	0.0000000000000
2.1050000190735	0.40495273470879	      -0.79849499464035	50.000000000000	0.0000000000000
2.1099998950958	0.40154689550400	      -0.79900765419006	50.000000000000	0.0000000000000
2.1150000095367	0.39813193678856	      -0.79949563741684	50.000000000000	0.0000000000000
2.1199998855591	0.39470827579498	      -0.79995852708817	50.000000000000	0.0000000000000
2.1250000000000	0.39127594232559	      -0.80039620399475	50.000000000000	0.0000000000000
2.1300001144409	0.38783523440361	      -0.80080848932266	50.000000000000	0.0000000000000
2.1349999904633	0.38438642024994	      -0.80119490623474	50.000000000000	0.0000000000000
2.1400001049042	0.38092961907387	      -0.80155545473099	50.000000000000	0.0000000000000
2.1449999809265	0.37746512889862	      -0.80188983678818	50.000000000000	0.0000000000000
2.1500000953674	0.37399324774742	      -0.80219763517380	50.000000000000	0.0000000000000
2.1549999713898	0.37051403522491	      -0.80247873067856	50.000000000000	0.0000000000000
2.1600000858307	0.36702799797058	      -0.80273276567459	50.000000000000	0.0000000000000
2.1649999618530	0.36353516578674	      -0.80295950174332	50.000000000000	0.0000000000000
2.1700000762939	0.36003574728966	      -0.80315864086151	50.000000000000	0.0000000000000
2.1749999523163	0.35653024911880	      -0.80332994461060	50.000000000000	0.0000000000000
2.1800000667572	0.35301879048347	      -0.80347299575806	50.000000000000	0.0000000000000
2.1849999427795	0.34950163960457	      -0.80358743667603	50.000000000000	0.0000000000000
2.1900000572205	0.34597924351692	      -0.80367314815521	50.000000000000	0.0000000000000
2.1949999332428	0.34245184063911	      -0.80372965335846	50.000000000000	0.0000000000000
2.2000000476837	0.33891952037811	      -0.80375677347183	50.000000000000	0.0000000000000
2.2049999237061	0.33538305759430	      -0.80375397205353	50.000000000000	0.0000000000000
2.2100000381470	0.33184254169464	      -0.80372118949890	50.000000000000	0.0000000000000
2.2149999141693	0.32829833030701	      -0.80365782976151	50.000000000000	0.0000000000000
2.2200000286102	0.32475107908249	      -0.80356359481812	50.000000000000	0.0000000000000
2.2249999046326	0.32120105624199	      -0.80343824625015	50.000000000000	0.0000000000000
2.2300000190735	0.31764855980873	      -0.80328142642975	50.000000000000	0.0000000000000
2.2349998950958	0.31409436464310	      -0.80309271812439	50.000000000000	0.0000000000000
2.2400000095367	0.31053879857063	      -0.80287182331085	50.000000000000	0.0000000000000
2.2449998855591	0.30698233842850	      -0.80261850357056	50.000000000000	0.0000000000000
2.2500000000000	0.30342543125153	      -0.80233240127563	50.000000000000	0.0000000000000
2.2550001144409	0.29986879229546	      -0.80201315879822	50.000000000000	0.0000000000000
2.2599999904633	0.29631316661835	      -0.80166053771973	50.000000000000	0.0000000000000
2.2650001049042	0.29275873303413	      -0.80127418041229	50.000000000000	0.0000000000000
2.2699999809265	0.28920635581017	      -0.80085390806198	50.000000000000	0.0000000000000
2.2750000953674	0.28565683960915	      -0.80039936304092	50.000000000000	0.0000000000000
2.2799999713898	0.28211045265198	      -0.79991042613983	50.000000000000	0.0000000000000
2.2850000858307	0.27856829762459	      -0.79938668012619	50.000000000000	0.0000000000000
2.2899999618530	0.27503088116646	      -0.79882824420929	50.000000000000	0.0000000000000
2.2950000762939	0.27149891853333	      -0.79823464155197	50.000000000000	0.0000000000000
2.2999999523163	0.26797327399254	      -0.79760587215424	50.000000000000	0.0000000000000
2.3050000667572	0.26445463299751	      -0.79694169759750	50.000000000000	0.0000000000000
2.3099999427795	0.26094374060631	      -0.79624223709106	50.000000000000	0.0000000000000
2.3150000572205	0.25744158029556	      -0.79550713300705	50.000000000000	0.0000000000000
2.3199999332428	0.25394883751869	      -0.79473656415939	50.000000000000	0.0000000000000
2.3250000476837	0.25046619772911	      -0.79393041133881	50.000000000000	0.0000000000000
2.3299999237061	0.24699482321739	      -0.79308867454529	50.000000000000	0.0000000000000
2.3350000381470	0.24353544414043	      -0.79221153259277	50.000000000000	0.0000000000000
2.3399999141693	0.24008868634701	      -0.79129898548126	50.000000000000	0.0000000000000
2.3450000286102	0.23665568232536	      -0.79035109281540	50.000000000000	0.0000000000000
2.3499999046326	0.23323720693588	      -0.78936797380447	50.000000000000	0.0000000000000
2.3550000190735	0.22983404994011	      -0.78834998607635	50.000000000000	0.0000000000000
2.3599998950958	0.22644729912281	      -0.78729724884033	50.000000000000	0.0000000000000
2.3650000095367	0.22307763993740	      -0.78620994091034	50.000000000000	0.0000000000000
2.3699998855591	0.21972593665123	      -0.78508841991425	50.000000000000	0.0000000000000
2.3750000000000	0.21639309823513	      -0.78393304347992	50.000000000000	0.0000000000000
2.3800001144409	0.21308000385761	      -0.78274410963058	50.000000000000	0.0000000000000
2.3849999904633	0.20978747308254	      -0.78152197599411	50.000000000000	0.0000000000000
2.3900001049042	0.20651625096798	      -0.78026717901230	50.000000000000	0.0000000000000
2.3949999809265	0.20326739549637	      -0.77898001670837	50.000000000000	0.0000000000000
2.4000000953674	0.20004147291183	      -0.77766114473343	50.000000000000	0.0000000000000
2.4049999713898	0.19683922827244	      -0.77631086111069	50.000000000000	0.0000000000000
2.4100000858307	0.19366176426411	      -0.77493000030518	50.000000000000	0.0000000000000
2.4149999618530	0.19050955772400	      -0.77351886034012	50.000000000000	0.0000000000000
2.4200000762939	0.18738356232643	      -0.77207821607590	50.000000000000	0.0000000000000
2.4249999523163	0.18428426980972	      -0.77060860395432	50.000000000000	0.0000000000000
2.4300000667572	0.18121258914471	      -0.76911079883575	50.000000000000	0.0000000000000
2.4349999427795	0.17816908657551	      -0.76758533716202	50.000000000000	0.0000000000000
2.4400000572205	0.17515435814857	      -0.76603305339813	50.000000000000	0.0000000000000
2.4449999332428	0.17216934263706	      -0.76445466279984	50.000000000000	0.0000000000000
2.4500000476837	0.16921421885490	      -0.76285094022751	50.000000000000	0.0000000000000
2.4549999237061	0.16628989577293	      -0.76122254133224	50.000000000000	0.0000000000000
2.4600000381470	0.16339680552483	      -0.75957041978836	50.000000000000	0.0000000000000
2.4649999141693	0.16053548455238	      -0.75789529085159	50.000000000000	0.0000000000000
2.4700000286102	0.15770648419857	      -0.75619798898697	50.000000000000	0.0000000000000
2.4749999046326	0.15491031110287	      -0.75447946786880	50.000000000000	0.0000000000000
2.4800000190735	0.15214715898037	      -0.75274050235748	50.000000000000	0.0000000000000
2.4849998950958	0.14941748976707	      -0.75098204612732	50.000000000000	0.0000000000000
2.4900000095367	0.14672207832336	      -0.74920493364334	50.000000000000	0.0000000000000
2.4949998855591	0.14406108856201	      -0.74741011857986	50.000000000000	0.0000000000000
2.5000000000000	0.14143458008766	      -0.74559849500656	50.000000000000	0.0000000000000
2.5050001144409	0.13884292542934	      -0.74377119541168	50.000000000000	0.0000000000000
2.5099999904633	0.13628695905209	      -0.74192875623703	50.000000000000	0.0000000000000
2.5150001049042	0.13376632332802	      -0.74007242918015	50.000000000000	0.0000000000000
2.5199999809265	0.13128136098385	      -0.73820310831070	50.000000000000	0.0000000000000
2.5250000953674	0.12883238494396	      -0.73632168769836	50.000000000000	0.0000000000000
2.5299999713898	0.12641912698746	      -0.73442929983139	50.000000000000	0.0000000000000
2.5350000858307	0.12404257059097	      -0.73252671957016	50.000000000000	0.0000000000000
2.5399999618530	0.12170196324587	      -0.73061519861221	50.000000000000	0.0000000000000
2.5450000762939	0.11939755082130	      -0.72869545221329	50.000000000000	0.0000000000000
2.5499999523163	0.11712969094515	      -0.72676855325699	50.000000000000	0.0000000000000
2.5550000667572	0.11489818990231	      -0.72483557462692	50.000000000000	0.0000000000000
2.5599999427795	0.11270260065794	      -0.72289758920670	50.000000000000	0.0000000000000
2.5650000572205	0.11054353415966	      -0.72095525264740	50.000000000000	0.0000000000000
2.5699999332428	0.10842053592205	      -0.71900981664658	50.000000000000	0.0000000000000
2.5750000476837	0.10633336752653	      -0.71706235408783	50.000000000000	0.0000000000000
2.5799999237061	0.10428227484226	      -0.71511352062225	50.000000000000	0.0000000000000
2.5850000381470	0.10226675122976	      -0.71316450834274	50.000000000000	0.0000000000000
2.5899999141693	0.10028653591871	      -0.71121639013290	50.000000000000	0.0000000000000
2.5950000286102	0.098341509699821	      -0.70926994085312	50.000000000000	0.0000000000000
2.5999999046326	0.096431061625481	      -0.70732629299164	50.000000000000	0.0000000000000
2.6050000190735	0.094555385410786	      -0.70538628101349	50.000000000000	0.0000000000000
2.6099998950958	0.092713855206966	      -0.70345085859299	50.000000000000	0.0000000000000
2.6150000095367	0.090905830264091	      -0.70152109861374	50.000000000000	0.0000000000000
2.6199998855591	0.089131481945515	      -0.69959777593613	50.000000000000	0.0000000000000
2.6250000000000	0.087389491498470	      -0.69768184423447	50.000000000000	0.0000000000000
2.6300001144409	0.085680365562439	      -0.69577413797379	50.000000000000	0.0000000000000
2.6349999904633	0.084002688527107	      -0.69387567043304	50.000000000000	0.0000000000000
2.6400001049042	0.082356214523315	      -0.69198739528656	50.000000000000	0.0000000000000
2.6449999809265	0.080740682780743	      -0.69010984897614	50.000000000000	0.0000000000000
2.6500000953674	0.079155169427395	      -0.68824416399002	50.000000000000	0.0000000000000
2.6549999713898	0.077598914504051	      -0.68639093637466	50.000000000000	0.0000000000000
2.6600000858307	0.076071411371231	      -0.68455106019974	50.000000000000	0.0000000000000
2.6649999618530	0.074571900069714	      -0.68272525072098	50.000000000000	0.0000000000000
2.6700000762939	0.073099546134472	      -0.68091428279877	50.000000000000	0.0000000000000
2.6749999523163	0.071653895080090	      -0.67911863327026	50.000000000000	0.0000000000000
2.6800000667572	0.070233732461929	      -0.67733943462372	50.000000000000	0.0000000000000
2.6849999427795	0.068838365375996	      -0.67557692527771	50.000000000000	0.0000000000000
2.6900000572205	0.067467205226421	      -0.67383182048798	50.000000000000	0.0000000000000
2.6949999332428	0.066118873655796	      -0.67210489511490	50.000000000000	0.0000000000000
2.7000000476837	0.064793087542057	      -0.67039638757706	50.000000000000	0.0000000000000
2.7049999237061	0.063488155603409	      -0.66870701313019	50.000000000000	0.0000000000000
2.7100000381470	0.062203891575336	      -0.66703724861145	50.000000000000	0.0000000000000
2.7149999141693	0.060938853770494	      -0.66538745164871	50.000000000000	0.0000000000000
2.7200000286102	0.059692542999983	      -0.66375792026520	50.000000000000	0.0000000000000
2.7249999046326	0.058463610708714	      -0.66214913129807	50.000000000000	0.0000000000000
2.7300000190735	0.057250782847404	      -0.66056144237518	50.000000000000	0.0000000000000
2.7349998950958	0.056053746491671	      -0.65899503231049	50.000000000000	0.0000000000000
2.7400000095367	0.054870925843716	      -0.65745013952255	50.000000000000	0.0000000000000
2.7449998855591	0.053701400756836	      -0.65592700242996	50.000000000000	0.0000000000000
2.7500000000000	0.052544634789228	      -0.65442568063736	50.000000000000	0.0000000000000
2.7550001144409	0.051398847252131	      -0.65294635295868	50.000000000000	0.0000000000000
2.7599999904633	0.050263356417418	      -0.65148890018463	50.000000000000	0.0000000000000
2.7650001049042	0.049137450754642	      -0.65005367994308	50.000000000000	0.0000000000000
2.7699999809265	0.048019666224718	      -0.64864027500153	50.000000000000	0.0000000000000
2.7750000953674	0.046908978372812	      -0.64724880456924	50.000000000000	0.0000000000000
2.7799999713898	0.045804750174284	      -0.64587920904160	50.000000000000	0.0000000000000
2.7850000858307	0.044705886393785	      -0.64453119039536	50.000000000000	0.0000000000000
2.7899999618530	0.043610986322165	      -0.64320462942123	50.000000000000	0.0000000000000
2.7950000762939	0.042519904673100	      -0.64189922809601	50.000000000000	0.0000000000000
2.7999999523163	0.041430804878473	      -0.64061480760574	50.000000000000	0.0000000000000
2.8050000667572	0.040343333035707	      -0.63935095071793	50.000000000000	0.0000000000000
2.8099999427795	0.039256431162357	      -0.63810735940933	50.000000000000	0.0000000000000
2.8150000572205	0.038169298321009	      -0.63688361644745	50.000000000000	0.0000000000000
2.8199999332428	0.037080906331539	      -0.63567936420441	50.000000000000	0.0000000000000
2.8250000476837	0.035990700125694	      -0.63449412584305	50.000000000000	0.0000000000000
2.8299999237061	0.034897588193417	      -0.63332730531693	50.000000000000	0.0000000000000
2.8350000381470	0.033801119774580	      -0.63217854499817	50.000000000000	0.0000000000000
2.8399999141693	0.032700147479773	      -0.63104724884033	50.000000000000	0.0000000000000
2.8450000286102	0.031594458967447	      -0.62993299961090	50.000000000000	0.0000000000000
2.8499999046326	0.030482998117805	      -0.62883496284485	50.000000000000	0.0000000000000
2.8550000190735	0.029365263879299	      -0.62775278091431	50.000000000000	0.0000000000000
2.8599998950958	0.028240613639355	      -0.62668567895889	50.000000000000	0.0000000000000
2.8650000095367	0.027108544483781	      -0.62563312053680	50.000000000000	0.0000000000000
2.8699998855591	0.025968512520194	      -0.62459439039230	50.000000000000	0.0000000000000
2.8750000000000	0.024819888174534	      -0.62356895208359	50.000000000000	0.0000000000000
2.8800001144409	0.023662358522415	      -0.62255603075027	50.000000000000	0.0000000000000
2.8849999904633	0.022495308890939	      -0.62155497074127	50.000000000000	0.0000000000000
2.8900001049042	0.021318515762687	      -0.62056511640549	50.000000000000	0.0000000000000
2.8949999809265	0.020131459459662	      -0.61958581209183	50.000000000000	0.0000000000000
2.9000000953674	0.018933851271868	      -0.61861622333527	50.000000000000	0.0000000000000
2.9049999713898	0.017725491896272	      -0.61765599250793	50.000000000000	0.0000000000000
2.9100000858307	0.016505876556039	      -0.61670416593552	50.000000000000	0.0000000000000
2.9149999618530	0.015274886973202	      -0.61576008796692	50.000000000000	0.0000000000000
2.9200000762939	0.014032330363989	      -0.61482322216034	50.000000000000	0.0000000000000
2.9249999523163	0.012777958996594	      -0.61389279365540	50.000000000000	0.0000000000000
2.9300000667572	0.011511507444084	      -0.61296814680099	50.000000000000	0.0000000000000
2.9349999427795	0.010232971981168	      -0.61204862594604	50.000000000000	0.0000000000000
2.9400000572205	0.0089421719312668	      -0.61113357543945	50.000000000000	0.0000000000000
2.9449999332428	0.0076389489695430	      -0.61022245883942	50.000000000000	0.0000000000000
2.9500000476837	0.0063233640976250	      -0.60931456089020	50.000000000000	0.0000000000000
2.9549999237061	0.0049952776171267	      -0.60840928554535	50.000000000000	0.0000000000000
2.9600000381470	0.0036546699702740	      -0.60750591754913	50.000000000000	0.0000000000000
2.9649999141693	0.0023014217149466	      -0.60660409927368	50.000000000000	0.0000000000000
2.9700000286102	0.00093566998839378	      -0.60570299625397	50.000000000000	0.0000000000000
2.9749999046326	      -0.00044279010035098	      -0.60480219125748	50.000000000000	0.0000000000000
2.9800000190735	      -0.0018336368957534	      -0.60390108823776	50.000000000000	0.0000000000000
2.9849998950958	      -0.0032371697016060	      -0.60299909114838	50.000000000000	0.0000000000000
2.9900000095367	      -0.0046531041152775	      -0.60209578275681	50.000000000000	0.0000000000000
2.9949998855591	      -0.0060813748277724	      -0.60119044780731	50.000000000000	0.0000000000000
3.0000000000000	      -0.0075221662409604	      -0.60028266906738	50.000000000000	0.0000000000000
3.0050001144409	      -0.0089752795174718	      -0.59937202930450	50.000000000000	0.0000000000000
3.0099999904633	      -0.010440477170050	      -0.59845781326294	50.000000000000	0.0000000000000
3.0150001049042	      -0.011917917989194	      -0.59753966331482	50.000000000000	0.0000000000000
3.0199999809265	      -0.013407354243100	      -0.59661710262299	50.000000000000	0.0000000000000
3.0250000953674	      -0.014908796176314	      -0.59568959474564	50.000000000000	0.0000000000000
3.0299999713898	      -0.016422122716904	      -0.59475666284561	50.000000000000	0.0000000000000
3.0350000858307	      -0.017946988344193	      -0.59381794929504	50.000000000000	0.0000000000000
3.0399999618530	      -0.019483614712954	      -0.59287285804749	50.000000000000	0.0000000000000
3.0450000762939	      -0.021031672134995	      -0.59192103147507	50.000000000000	0.0000000000000
3.0499999523163	      -0.022591205313802	      -0.59096193313599	50.000000000000	0.0000000000000
3.0550000667572	      -0.024161798879504	      -0.58999514579773	50.000000000000	0.0000000000000
3.0599999427795	      -0.025743583217263	      -0.58902031183243	50.000000000000	0.0000000000000
3.0650000572205	      -0.027336340397596	      -0.58803689479828	50.000000000000	0.0000000000000
3.0699999332428	      -0.028939843177795	      -0.58704447746277	50.000000000000	0.0000000000000
3.0750000476837	      -0.030553922057152	      -0.58604252338409	50.000000000000	0.0000000000000
3.0799999237061	      -0.032178480178118	      -0.58503085374832	50.000000000000	0.0000000000000
3.0850000381470	      -0.033813353627920	      -0.58400881290436	50.000000000000	0.0000000000000
3.0899999141693	      -0.035458363592625	      -0.58297598361969	50.000000000000	0.0000000000000
3.0950000286102	      -0.037113182246685	      -0.58193206787109	50.000000000000	0.0000000000000
3.0999999046326	      -0.038777839392424	      -0.58087652921677	50.000000000000	0.0000000000000
3.1050000190735	      -0.040451865643263	      -0.57980895042419	50.000000000000	0.0000000000000
3.1099998950958	      -0.042135275900364	      -0.57872903347015	50.000000000000	0.0000000000000
3.1150000095367	      -0.043827578425407	      -0.57763612270355	50.000000000000	0.0000000000000
3.1199998855591	      -0.045528776943684	      -0.57652997970581	50.000000000000	0.0000000000000
3.1250000000000	      -0.047238469123840	      -0.57541012763977	50.000000000000	0.0000000000000
3.1300001144409	      -0.048956423997879	      -0.57427614927292	50.000000000000	0.0000000000000
3.1349999904633	      -0.050682473927736	      -0.57312774658203	50.000000000000	0.0000000000000
3.1400001049042	      -0.052416067570448	      -0.57196438312531	50.000000000000	0.0000000000000
3.1449999809265	      -0.054157048463821	      -0.57078576087952	50.000000000000	0.0000000000000
3.1500000953674	      -0.055905148386955	      -0.56959134340286	50.000000000000	0.0000000000000
3.1549999713898	      -0.057659998536110	      -0.56838089227676	50.000000000000	0.0000000000000
3.1600000858307	      -0.059421170502901	      -0.56715410947800	50.000000000000	0.0000000000000
3.1649999618530	      -0.061188455671072	      -0.56591045856476	50.000000000000	0.0000000000000
3.1700000762939	      -0.062961325049400	      -0.56464964151382	50.000000000000	0.0000000000000
3.1749999523163	      -0.064739443361759	      -0.56337130069733	50.000000000000	0.0000000000000
3.1800000667572	      -0.066522523760796	      -0.56207519769669	50.000000000000	0.0000000000000
3.1849999427795	      -0.068310014903545	      -0.56076091527939	50.000000000000	0.0000000000000
3.1900000572205	      -0.070101581513882	      -0.55942815542221	50.000000000000	0.0000000000000
3.1949999332428	      -0.071896784007549	      -0.55807667970657	50.000000000000	0.0000000000000
3.2000000476837	      -0.073695152997971	      -0.55670630931854	50.000000000000	0.0000000000000
3.2049999237061	      -0.075496204197407	      -0.55531656742096	50.000000000000	0.0000000000000
3.2100000381470	      -0.077299572527409	      -0.55390733480453	50.000000000000	0.0000000000000
3.2149999141693	      -0.079104810953140	      -0.55247837305069	50.000000000000	0.0000000000000
3.2200000286102	      -0.080911383032799	      -0.55102938413620	50.000000000000	0.0000000000000
3.2249999046326	      -0.082718916237354	      -0.54956042766571	50.000000000000	0.0000000000000
3.2300000190735	      -0.084526754915714	      -0.54807102680206	50.000000000000	0.0000000000000
3.2349998950958	      -0.086334563791752	      -0.54656112194061	50.000000000000	0.0000000000000
3.2400000095367	      -0.088141746819019	      -0.54503077268600	50.000000000000	0.0000000000000
3.2449998855591	      -0.089947968721390	      -0.54347956180573	50.000000000000	0.0000000000000
3.2500000000000	      -0.091752730309963	      -0.54190748929977	50.000000000000	0.0000000000000
3.2550001144409	      -0.093555457890034	      -0.54031455516815	50.000000000000	0.0000000000000
3.2599999904633	      -0.095355674624443	      -0.53870058059692	50.000000000000	0.0000000000000
3.2650001049042	      -0.097152940928936	      -0.53706562519073	50.000000000000	0.0000000000000
3.2699999809265	      -0.098946817219257	      -0.53540951013565	50.000000000000	0.0000000000000
3.2750000953674	      -0.10073683410883	      -0.53373217582703	50.000000000000	0.0000000000000
3.2799999713898	      -0.10252247750759	      -0.53203392028809	50.000000000000	0.0000000000000
3.2850000858307	      -0.10430333018303	      -0.53031438589096	50.000000000000	0.0000000000000
3.2899999618530	      -0.10607900470495	      -0.52857381105423	50.000000000000	0.0000000000000
3.2950000762939	      -0.10784900188446	      -0.52681213617325	50.000000000000	0.0000000000000
3.2999999523163	      -0.10961285233498	      -0.52502942085266	50.000000000000	0.0000000000000
3.3050000667572	      -0.11137016117573	      -0.52322566509247	50.000000000000	0.0000000000000
3.3099999427795	      -0.11312060803175	      -0.52140104770660	50.000000000000	0.0000000000000
3.3150000572205	      -0.11486372351646	      -0.51955562829971	50.000000000000	0.0000000000000
3.3199999332428	      -0.11659907549620	      -0.51768940687180	50.000000000000	0.0000000000000
3.3250000476837	      -0.11832639575005	      -0.51580238342285	50.000000000000	0.0000000000000
3.3299999237061	      -0.12004528194666	      -0.51389479637146	50.000000000000	0.0000000000000
3.3350000381470	      -0.12175527960062	      -0.51196670532227	50.000000000000	0.0000000000000
3.3399999141693	      -0.12345619499683	      -0.51001816987991	50.000000000000	0.0000000000000
3.3450000286102	      -0.12514750659466	      -0.50804936885834	50.000000000000	0.0000000000000
3.3499999046326	      -0.12682904303074	      -0.50606024265289	50.000000000000	0.0000000000000
3.3550000190735	      -0.12850041687489	      -0.50405097007751	50.000000000000	0.0000000000000
3.3599998950958	      -0.13016134500504	      -0.50202178955078	50.000000000000	0.0000000000000
3.3650000095367	      -0.13181138038635	      -0.49997252225876	50.000000000000	0.0000000000000
3.3699998855591	      -0.13345041871071	      -0.49790349602699	50.000000000000	0.0000000000000
3.3750000000000	      -0.13507819175720	      -0.49581465125084	50.000000000000	0.0000000000000
3.3800001144409	      -0.13669411838055	      -0.49370622634888	50.000000000000	0.0000000000000
3.3849999904633	      -0.13829818367958	      -0.49157810211182	50.000000000000	0.0000000000000
3.3900001049042	      -0.13988998532295	      -0.48943060636520	50.000000000000	0.0000000000000
3.3949999809265	      -0.14146928489208	      -0.48726364970207	50.000000000000	0.0000000000000
3.4000000953674	      -0.14303581416607	      -0.48507735133171	50.000000000000	0.0000000000000
3.4049999713898	      -0.14458921551704	      -0.48287183046341	50.000000000000	0.0000000000000
3.4100000858307	      -0.14612923562527	      -0.48064702749252	50.000000000000	0.0000000000000
3.4149999618530	      -0.14765562117100	      -0.47840318083763	50.000000000000	0.0000000000000
3.4200000762939	      -0.14916817843914	      -0.47614020109177	50.000000000000	0.0000000000000
3.4249999523163	      -0.15066641569138	      -0.47385823726654	50.000000000000	0.0000000000000
3.4300000667572	      -0.15215010941029	      -0.47155740857124	50.000000000000	0.0000000000000
3.4349999427795	      -0.15361897647381	      -0.46923765540123	50.000000000000	0.0000000000000
3.4400000572205	      -0.15507273375988	      -0.46689909696579	50.000000000000	0.0000000000000
3.4449999332428	      -0.15651109814644	      -0.46454173326492	50.000000000000	0.0000000000000
3.4500000476837	      -0.15793372690678	      -0.46216565370560	50.000000000000	0.0000000000000
3.4549999237061	      -0.15934015810490	      -0.45977109670639	50.000000000000	0.0000000000000
3.4600000381470	      -0.16073039174080	      -0.45735779404640	50.000000000000	0.0000000000000
3.4649999141693	      -0.16210366785526	      -0.45492607355118	50.000000000000	0.0000000000000
3.4700000286102	      -0.16345991194248	      -0.45247590541840	50.000000000000	0.0000000000000
3.4749999046326	      -0.16479873657227	      -0.45000740885735	50.000000000000	0.0000000000000
3.4800000190735	      -0.16611975431442	      -0.44752064347267	50.000000000000	0.0000000000000
3.4849998950958	      -0.16742263734341	      -0.44501575827599	50.000000000000	0.0000000000000
3.4900000095367	      -0.16870690882206	      -0.44249281287193	50.000000000000	0.0000000000000
3.4949998855591	      -0.16997230052948	      -0.43995192646980	50.000000000000	0.0000000000000
3.5000000000000	      -0.17121827602386	      -0.43739327788353	50.000000000000	0.0000000000000
3.5050001144409	      -0.17244461178780	      -0.43481689691544	50.000000000000	0.0000000000000
3.5099999904633	      -0.17365081608295	      -0.43222305178642	50.000000000000	0.0000000000000
3.5150001049042	      -0.17483647167683	      -0.42961189150810	50.000000000000	0.0000000000000
3.5199999809265	      -0.17600131034851	      -0.42698350548744	50.000000000000	0.0000000000000
3.5250000953674	      -0.17714479565620	      -0.42433816194534	50.000000000000	0.0000000000000
3.5299999713898	      -0.17826656997204	      -0.42167609930038	50.000000000000	0.0000000000000
3.5350000858307	      -0.17936623096466	      -0.41899749636650	50.000000000000	0.0000000000000
3.5399999618530	      -0.18044327199459	      -0.41630262136459	50.000000000000	0.0000000000000
3.5450000762939	      -0.18149745464325	      -0.41359165310860	50.000000000000	0.0000000000000
3.5499999523163	      -0.18252843618393	      -0.41086488962173	50.000000000000	0.0000000000000
3.5550000667572	      -0.18353556096554	      -0.40812271833420	50.000000000000	0.0000000000000
3.5599999427795	      -0.18451875448227	      -0.40536528825760	50.000000000000	0.0000000000000
3.5650000572205	      -0.18547742068768	      -0.40259307622910	50.000000000000	0.0000000000000
3.5699999332428	      -0.18641124665737	      -0.39980629086494	50.000000000000	0.0000000000000
3.5750000476837	      -0.18731996417046	      -0.39700528979301	50.000000000000	0.0000000000000
3.5799999237061	      -0.18820300698280	      -0.39419052004814	50.000000000000	0.0000000000000
3.5850000381470	      -0.18906034529209	      -0.39136222004890	50.000000000000	0.0000000000000
3.5899999141693	      -0.18989150226116	      -0.38852083683014	50.000000000000	0.0000000000000
3.5950000286102	      -0.19069612026215	      -0.38566678762436	50.000000000000	0.0000000000000
3.5999999046326	      -0.19147397577763	      -0.38280043005943	50.000000000000	0.0000000000000
3.6050000190735	      -0.19222484529018	      -0.37992221117020	50.000000000000	0.0000000000000
3.6099998950958	      -0.19294831156731	      -0.37703254818916	50.000000000000	0.0000000000000
3.6150000095367	      -0.19364421069622	      -0.37413182854652	50.000000000000	0.0000000000000
3.6199998855591	      -0.19431245326996	      -0.37122043967247	50.000000000000	0.0000000000000
3.6250000000000	      -0.19495253264904	      -0.36829894781113	50.000000000000	0.0000000000000
3.6300001144409	      -0.19556449353695	      -0.36536765098572	50.000000000000	0.0000000000000
3.6349999904633	      -0.19614794850349	      -0.36242711544037	50.000000000000	0.0000000000000
3.6400001049042	      -0.19670291244984	      -0.35947769880295	50.000000000000	0.0000000000000
3.6449999809265	      -0.19722913205624	      -0.35651978850365	50.000000000000	0.0000000000000
3.6500000953674	      -0.19772657752037	      -0.35355386137962	50.000000000000	0.0000000000000
3.6549999713898	      -0.19819493591785	      -0.35058039426804	50.000000000000	0.0000000000000
3.6600000858307	      -0.19863417744637	      -0.34759977459908	50.000000000000	0.0000000000000
3.6649999618530	      -0.19904424250126	      -0.34461244940758	50.000000000000	0.0000000000000
3.6700000762939	      -0.19942504167557	      -0.34161874651909	50.000000000000	0.0000000000000
3.6749999523163	      -0.19977647066116	      -0.33861917257309	50.000000000000	0.0000000000000
3.6800000667572	      -0.20009849965572	      -0.33561408519745	50.000000000000	0.0000000000000
3.6849999427795	      -0.20039108395576	      -0.33260372281075	50.000000000000	0.0000000000000
3.6900000572205	      -0.20065408945084	      -0.32958874106407	50.000000000000	0.0000000000000
3.6949999332428	      -0.20088739693165	      -0.32656943798065	50.000000000000	0.0000000000000
3.7000000476837	      -0.20109111070633	      -0.32354617118835	50.000000000000	0.0000000000000
3.7049999237061	      -0.20126521587372	      -0.32051914930344	50.000000000000	0.0000000000000
3.7100000381470	      -0.20140972733498	      -0.31748884916306	50.000000000000	0.0000000000000
3.7149999141693	      -0.20152458548546	      -0.31445544958115	50.000000000000	0.0000000000000
3.7200000286102	      -0.20160938799381	      -0.31141975522041	50.000000000000	0.0000000000000
3.7249999046326	      -0.20166447758675	      -0.30838161706924	50.000000000000	0.0000000000000
3.7300000190735	      -0.20168985426426	      -0.30534142255783	50.000000000000	0.0000000000000
3.7349998950958	      -0.20168536901474	      -0.30229961872101	50.000000000000	0.0000000000000
3.7400000095367	      -0.20165090262890	      -0.29925647377968	50.000000000000	0.0000000000000
3.7449998855591	      -0.20158654451370	      -0.29621219635010	50.000000000000	0.0000000000000
3.7500000000000	      -0.20149224996567	      -0.29316717386246	50.000000000000	0.0000000000000
3.7550001144409	      -0.20136789977551	      -0.29012167453766	50.000000000000	0.0000000000000
3.7599999904633	      -0.20121334493160	      -0.28707611560822	50.000000000000	0.0000000000000
3.7650001049042	      -0.20102870464325	      -0.28403061628342	50.000000000000	0.0000000000000
3.7699999809265	      -0.20081381499767	      -0.28098547458649	50.000000000000	0.0000000000000
3.7750000953674	      -0.20056878030300	      -0.27794095873833	50.000000000000	0.0000000000000
3.7799999713898	      -0.20029337704182	      -0.27489739656448	50.000000000000	0.0000000000000
3.7850000858307	      -0.19998727738857	      -0.27185532450676	50.000000000000	0.0000000000000
3.7899999618530	      -0.19965051114559	      -0.26881501078606	50.000000000000	0.0000000000000
3.7950000762939	      -0.19928328692913	      -0.26577633619308	50.000000000000	0.0000000000000
3.7999999523163	      -0.19888523221016	      -0.26274007558823	50.000000000000	0.0000000000000
3.8050000667572	      -0.19845627248287	      -0.25970634818077	50.000000000000	0.0000000000000
3.8099999427795	      -0.19799637794495	      -0.25667548179626	50.000000000000	0.0000000000000
3.8150000572205	      -0.19750535488129	      -0.25364801287651	50.000000000000	0.0000000000000
3.8199999332428	      -0.19698296487331	      -0.25062423944473	50.000000000000	0.0000000000000
3.8250000476837	      -0.19642932713032	      -0.24760448932648	50.000000000000	0.0000000000000
3.8299999237061	      -0.19584426283836	      -0.24458906054497	50.000000000000	0.0000000000000
3.8350000381470	      -0.19522760808468	      -0.24157856404781	50.000000000000	0.0000000000000
3.8399999141693	      -0.19457928836346	      -0.23857325315475	50.000000000000	0.0000000000000
3.8450000286102	      -0.19389909505844	      -0.23557384312153	50.000000000000	0.0000000000000
3.8499999046326	      -0.19318713247776	      -0.23258048295975	50.000000000000	0.0000000000000
3.8550000190735	      -0.19244317710400	      -0.22959373891354	50.000000000000	0.0000000000000
3.8599998950958	      -0.19166725873947	      -0.22661405801773	50.000000000000	0.0000000000000
3.8650000095367	      -0.19085909426212	      -0.22364209592342	50.000000000000	0.0000000000000
3.8699998855591	      -0.19001899659634	      -0.22067807614803	50.000000000000	0.0000000000000
3.8750000000000	      -0.18914657831192	      -0.21772281825542	50.000000000000	0.0000000000000
3.8800001144409	      -0.18824209272861	      -0.21477653086185	50.000000000000	0.0000000000000
3.8849999904633	      -0.18730534613132	      -0.21184001863003	50.000000000000	0.0000000000000
3.8900001049042	      -0.18633648753166	      -0.20891365408897	50.000000000000	0.0000000000000
3.8949999809265	      -0.18533550202847	      -0.20599807798862	50.000000000000	0.0000000000000
3.9000000953674	      -0.18430240452290	      -0.20309390127659	50.000000000000	0.0000000000000
3.9049999713898	      -0.18323729932308	      -0.20020160079002	50.000000000000	0.0000000000000
3.9100000858307	      -0.18214033544064	      -0.19732168316841	50.000000000000	0.0000000000000
3.9149999618530	      -0.18101158738136	      -0.19445490837097	50.000000000000	0.0000000000000
3.9200000762939	      -0.17985115945339	      -0.19160172343254	50.000000000000	0.0000000000000
3.9249999523163	      -0.17865934967995	      -0.18876264989376	50.000000000000	0.0000000000000
3.9300000667572	      -0.17743620276451	      -0.18593838810921	50.000000000000	0.0000000000000
3.9349999427795	      -0.17618204653263	      -0.18312932550907	50.000000000000	0.0000000000000
3.9400000572205	      -0.17489714920521	      -0.18033599853516	50.000000000000	0.0000000000000
3.9449999332428	      -0.17358148097992	      -0.17755930125713	50.000000000000	0.0000000000000
3.9500000476837	      -0.17223566770554	      -0.17479932308197	50.000000000000	0.0000000000000
3.9549999237061	      -0.17085975408554	      -0.17205692827702	50.000000000000	0.0000000000000
3.9600000381470	      -0.16945427656174	      -0.16933226585388	50.000000000000	0.0000000000000
3.9649999141693	      -0.16801932454109	      -0.16662622988224	50.000000000000	0.0000000000000
3.9700000286102	      -0.16655535995960	      -0.16393908858299	50.000000000000	0.0000000000000
3.9749999046326	      -0.16506285965443	      -0.16127124428749	50.000000000000	0.0000000000000
3.9800000190735	      -0.16354210674763	      -0.15862308442593	50.000000000000	0.0000000000000
3.9849998950958	      -0.16199351847172	      -0.15599511563778	50.000000000000	0.0000000000000
3.9900000095367	      -0.16041730344296	      -0.15338796377182	50.000000000000	0.0000000000000
3.9949998855591	      -0.15881407260895	      -0.15080173313618	50.000000000000	0.0000000000000
4.0000000000000	      -0.15718430280685	      -0.14823673665524	50.000000000000	0.0000000000000
4.0050001144409	      -0.15552829205990	      -0.14569337666035	50.000000000000	0.0000000000000
4.0100002288818	      -0.15384641289711	      -0.14317212998867	50.000000000000	0.0000000000000
4.0149998664856	      -0.15213909745216	      -0.14067322015762	50.000000000000	0.0000000000000
4.0199999809265	      -0.15040706098080	      -0.13819660246372	50.000000000000	0.0000000000000
4.0250000953674	      -0.14865024387836	      -0.13574308156967	50.000000000000	0.0000000000000
4.0300002098083	      -0.14686951041222	      -0.13331229984760	50.000000000000	0.0000000000000
4.0349998474121	      -0.14506496489048	      -0.13090495765209	50.000000000000	0.0000000000000
4.0399999618530	      -0.14323712885380	      -0.12852105498314	50.000000000000	0.0000000000000
4.0450000762939	      -0.14138637483120	      -0.12616075575352	50.000000000000	0.0000000000000
4.0500001907349	      -0.13951314985752	      -0.12382414937019	50.000000000000	0.0000000000000
4.0549998283386	      -0.13761776685715	      -0.12151154875755	50.000000000000	0.0000000000000
4.0599999427795	      -0.13570061326027	      -0.11922294646502	50.000000000000	0.0000000000000
4.0650000572205	      -0.13376195728779	      -0.11695867031813	50.000000000000	0.0000000000000
4.0700001716614	      -0.13180221617222	      -0.11471869796515	50.000000000000	0.0000000000000
4.0749998092651	      -0.12982173264027	      -0.11250311136246	50.000000000000	0.0000000000000
4.0799999237061	      -0.12782077491283	      -0.11031202226877	50.000000000000	0.0000000000000
4.0850000381470	      -0.12579956650734	      -0.10814570635557	50.000000000000	0.0000000000000
4.0900001525879	      -0.12375845760107	      -0.10600412636995	50.000000000000	0.0000000000000
4.0949997901917	      -0.12169775366783	      -0.10388734936714	50.000000000000	0.0000000000000
4.0999999046326	      -0.11961763352156	      -0.10179558396339	50.000000000000	0.0000000000000
4.1050000190735	      -0.11751835793257	      -0.099728934466839	50.000000000000	0.0000000000000
4.1100001335144	      -0.11540014296770	      -0.097687445580959	50.000000000000	0.0000000000000
4.1149997711182	      -0.11326318979263	      -0.095671392977238	50.000000000000	0.0000000000000
4.1199998855591	      -0.11110777407885	      -0.093680739402771	50.000000000000	0.0000000000000
4.1250000000000	      -0.10893397033215	      -0.091715812683105	50.000000000000	0.0000000000000
4.1300001144409	      -0.10674209147692	      -0.089776627719402	50.000000000000	0.0000000000000
4.1350002288818	      -0.10453227162361	      -0.087863445281982	50.000000000000	0.0000000000000
4.1399998664856	      -0.10230474174023	      -0.085976339876652	50.000000000000	0.0000000000000
4.1449999809265	      -0.10005959123373	      -0.084115721285343	50.000000000000	0.0000000000000
4.1500000953674	      -0.097797110676765	      -0.082281596958637	50.000000000000	0.0000000000000
4.1550002098083	      -0.095517404377460	      -0.080474346876144	50.000000000000	0.0000000000000
4.1599998474121	      -0.093220755457878	      -0.078694105148315	50.000000000000	0.0000000000000
4.1649999618530	      -0.090907365083694	      -0.076941080391407	50.000000000000	0.0000000000000
4.1700000762939	      -0.088577367365360	      -0.075215756893158	50.000000000000	0.0000000000000
4.1750001907349	      -0.086231000721455	      -0.073518350720406	50.000000000000	0.0000000000000
4.1799998283386	      -0.083868622779846	      -0.071848966181278	50.000000000000	0.0000000000000
4.1849999427795	      -0.081490337848663	      -0.070208191871643	50.000000000000	0.0000000000000
4.1900000572205	      -0.079096525907516	      -0.068596154451370	50.000000000000	0.0000000000000
4.1950001716614	      -0.076687425374985	      -0.067013278603554	50.000000000000	0.0000000000000
4.1999998092651	      -0.074263349175453	      -0.065459862351418	50.000000000000	0.0000000000000
4.2049999237061	      -0.071824699640274	      -0.063936188817024	50.000000000000	0.0000000000000
4.2100000381470	      -0.069371759891510	      -0.062442678958178	50.000000000000	0.0000000000000
4.2150001525879	      -0.066904939711094	      -0.060979630798101	50.000000000000	0.0000000000000
4.2199997901917	      -0.064424648880959	      -0.059547413140535	50.000000000000	0.0000000000000
4.2249999046326	      -0.061931323260069	      -0.058146305382252	50.000000000000	0.0000000000000
4.2300000190735	      -0.059425413608551	      -0.056776665151119	50.000000000000	0.0000000000000
4.2350001335144	      -0.056907404214144	      -0.055438783019781	50.000000000000	0.0000000000000
4.2399997711182	      -0.054377797991037	      -0.054133001714945	50.000000000000	0.0000000000000
4.2449998855591	      -0.051837131381035	      -0.052859533578157	50.000000000000	0.0000000000000
4.2500000000000	      -0.049285944551229	      -0.051618721336126	50.000000000000	0.0000000000000
4.2550001144409	      -0.046724833548069	      -0.050410758703947	50.000000000000	0.0000000000000
4.2600002288818	      -0.044154360890388	      -0.049235899001360	50.000000000000	0.0000000000000
4.2649998664856	      -0.041575178503990	      -0.048094324767590	50.000000000000	0.0000000000000
4.2699999809265	      -0.038987908512354	      -0.046986188739538	50.000000000000	0.0000000000000
4.2750000953674	      -0.036393169313669	      -0.045911721885204	50.000000000000	0.0000000000000
4.2800002098083	      -0.033791661262512	      -0.044870905578136	50.000000000000	0.0000000000000
4.2849998474121	      -0.031184019520879	      -0.043863959610462	50.000000000000	0.0000000000000
4.2899999618530	      -0.028570951893926	      -0.042890809476376	50.000000000000	0.0000000000000
4.2950000762939	      -0.025953112170100	      -0.041951559484005	50.000000000000	0.0000000000000
4.3000001907349	      -0.023331193253398	      -0.041046157479286	50.000000000000	0.0000000000000
4.3049998283386	      -0.020705882459879	      -0.040174525231123	50.000000000000	0.0000000000000
4.3099999427795	      -0.018077831715345	      -0.039336636662483	50.000000000000	0.0000000000000
4.3150000572205	      -0.015447741374373	      -0.038532312959433	50.000000000000	0.0000000000000
4.3200001716614	      -0.012816250324249	      -0.037761431187391	50.000000000000	0.0000000000000
4.3249998092651	      -0.010184014216065	      -0.037023756653070	50.000000000000	0.0000000000000
4.3299999237061	      -0.0075516463257372	      -0.036319110542536	50.000000000000	0.0000000000000
4.3350000381470	      -0.0049197752960026	      -0.035647213459015	50.000000000000	0.0000000000000
4.3400001525879	      -0.0022889610845596	      -0.035007804632187	50.000000000000	0.0000000000000
4.3449997901917	0.00034021420287900	      -0.034400541335344	50.000000000000	0.0000000000000
4.3499999046326	0.0029672216624022	      -0.033825095742941	50.000000000000	0.0000000000000
4.3550000190735	0.0055915452539921	      -0.033281106501818	50.000000000000	0.0000000000000
4.3600001335144	0.0082127498462796	      -0.032768227159977	50.000000000000	0.0000000000000
4.3649997711182	0.010830359533429	      -0.032286025583744	50.000000000000	0.0000000000000
4.3699998855591	0.013443992473185	      -0.031834106892347	50.000000000000	0.0000000000000
4.3750000000000	0.016053277999163	      -0.031412053853273	50.000000000000	0.0000000000000
4.3800001144409	0.018657870590687	      -0.031019439920783	50.000000000000	0.0000000000000
4.3850002288818	0.021257501095533	      -0.030655844137073	50.000000000000	0.0000000000000
4.3899998664856	0.023851891979575	      -0.030320823192596	50.000000000000	0.0000000000000
4.3949999809265	0.026440830901265	      -0.030013954266906	50.000000000000	0.0000000000000
4.4000000953674	0.029024146497250	      -0.029734842479229	50.000000000000	0.0000000000000
4.4050002098083	0.031601674854755	      -0.029483057558537	50.000000000000	0.0000000000000
4.4099998474121	0.034173313528299	      -0.029258226975799	50.000000000000	0.0000000000000
4.4149999618530	0.036738991737366	      -0.029059983789921	50.000000000000	0.0000000000000
4.4200000762939	0.039298638701439	      -0.028887957334518	50.000000000000	0.0000000000000
4.4250001907349	0.041852254420519	      -0.028741838410497	50.000000000000	0.0000000000000
4.4299998283386	0.044399835169315	      -0.028621330857277	50.000000000000	0.0000000000000
4.4349999427795	0.046941410750151	      -0.028526164591312	50.000000000000	0.0000000000000
4.4400000572205	0.049477018415928	      -0.028456103056669	50.000000000000	0.0000000000000
4.4450001716614	0.052006728947163	      -0.028410950675607	50.000000000000	0.0000000000000
4.4499998092651	0.054530616849661	      -0.028390547260642	50.000000000000	0.0000000000000
4.4549999237061	0.057048760354519	      -0.028394758701324	50.000000000000	0.0000000000000
4.4600000381470	0.059561252593994	      -0.028423506766558	50.000000000000	0.0000000000000
4.4650001525879	0.062068164348602	      -0.028476741164923	50.000000000000	0.0000000000000
4.4699997901917	0.064569592475891	      -0.028554448857903	50.000000000000	0.0000000000000
4.4749999046326	0.067065596580505	      -0.028656667098403	50.000000000000	0.0000000000000
4.4800000190735	0.069556243717670	      -0.028783461079001	50.000000000000	0.0000000000000
4.4850001335144	0.072041578590870	      -0.028934933245182	50.000000000000	0.0000000000000
4.4899997711182	0.074521601200104	      -0.029111230745912	50.000000000000	0.0000000000000
4.4949998855591	0.076996318995953	      -0.029312523081899	50.000000000000	0.0000000000000
4.5000000000000	0.079465694725513	      -0.029539018869400	50.000000000000	0.0000000000000
4.5050001144409	0.081929653882980	      -0.029790950939059	50.000000000000	0.0000000000000
4.5100002288818	0.084388077259064	      -0.030068574473262	50.000000000000	0.0000000000000
4.5149998664856	0.086840838193893	      -0.030372167006135	50.000000000000	0.0000000000000
4.5199999809265	0.089287720620632	      -0.030702026560903	50.000000000000	0.0000000000000
4.5250000953674	0.091728508472443	      -0.031058456748724	50.000000000000	0.0000000000000
4.5300002098083	0.094162903726101	      -0.031441777944565	50.000000000000	0.0000000000000
4.5349998474121	0.096590571105480	      -0.031852312386036	50.000000000000	0.0000000000000
4.5399999618530	0.099011123180389	      -0.032290369272232	50.000000000000	0.0000000000000
4.5450000762939	0.10142412781715	      -0.032756268978119	50.000000000000	0.0000000000000
4.5500001907349	0.10382909327745	      -0.033250298351049	50.000000000000	0.0000000000000
4.5549998283386	0.10622548311949	      -0.033772744238377	50.000000000000	0.0000000000000
4.5599999427795	0.10861268639565	      -0.034323863685131	50.000000000000	0.0000000000000
4.5650000572205	0.11099009960890	      -0.034903880208731	50.000000000000	0.0000000000000
4.5700001716614	0.11335700005293	      -0.035512991249561	50.000000000000	0.0000000000000
4.5749998092651	0.11571267247200	      -0.036151353269815	50.000000000000	0.0000000000000
4.5799999237061	0.11805633455515	      -0.036819070577621	50.000000000000	0.0000000000000
4.5850000381470	0.12038718163967	      -0.037516213953495	50.000000000000	0.0000000000000
4.5900001525879	0.12270436435938	      -0.038242783397436	50.000000000000	0.0000000000000
4.5949997901917	0.12500697374344	      -0.038998730480671	50.000000000000	0.0000000000000
4.5999999046326	0.12729415297508	      -0.039783943444490	50.000000000000	0.0000000000000
4.6050000190735	0.12956495583057	      -0.040598239749670	50.000000000000	0.0000000000000
4.6100001335144	0.13181844353676	      -0.041441392153502	50.000000000000	0.0000000000000
4.6149997711182	0.13405364751816	      -0.042313069105148	50.000000000000	0.0000000000000
4.6199998855591	0.13626965880394	      -0.043212886899710	50.000000000000	0.0000000000000
4.6250000000000	0.13846549391747	      -0.044140383601189	50.000000000000	0.0000000000000
4.6300001144409	0.14064024388790	      -0.045095019042492	50.000000000000	0.0000000000000
4.6350002288818	0.14279295504093	      -0.046076186001301	50.000000000000	0.0000000000000
4.6399998664856	0.14492277801037	      -0.047083195298910	50.000000000000	0.0000000000000
4.6449999809265	0.14702880382538	      -0.048115290701389	50.000000000000	0.0000000000000
4.6500000953674	0.14911024272442	      -0.049171634018421	50.000000000000	0.0000000000000
4.6550002098083	0.15116629004478	      -0.050251331180334	50.000000000000	0.0000000000000
4.6599998474121	0.15319621562958	      -0.051353406161070	50.000000000000	0.0000000000000
4.6649999618530	0.15519934892654	      -0.052476827055216	50.000000000000	0.0000000000000
4.6700000762939	0.15717507898808	      -0.053620513528585	50.000000000000	0.0000000000000
4.6750001907349	0.15912288427353	      -0.054783310741186	50.000000000000	0.0000000000000
4.6799998283386	0.16104227304459	      -0.055964030325413	50.000000000000	0.0000000000000
4.6849999427795	0.16293287277222	      -0.057161431759596	50.000000000000	0.0000000000000
4.6900000572205	0.16479437053204	      -0.058374240994453	50.000000000000	0.0000000000000
4.6950001716614	0.16662655770779	      -0.059601161628962	50.000000000000	0.0000000000000
4.6999998092651	0.16842932999134	      -0.060840856283903	50.000000000000	0.0000000000000
4.7049999237061	0.17020261287689	      -0.062091987580061	50.000000000000	0.0000000000000
4.7100000381470	0.17194654047489	      -0.063353203237057	50.000000000000	0.0000000000000
4.7150001525879	0.17366123199463	      -0.064623154699802	50.000000000000	0.0000000000000
4.7199997901917	0.17534697055817	      -0.065900497138500	50.000000000000	0.0000000000000
4.7249999046326	0.17700412869453	      -0.067183911800385	50.000000000000	0.0000000000000
4.7300000190735	0.17863315343857	      -0.068472094833851	50.000000000000	0.0000000000000
4.7350001335144	0.18023461103439	      -0.069763779640198	50.000000000000	0.0000000000000
4.7399997711182	0.18180915713310	      -0.071057729423046	50.000000000000	0.0000000000000
4.7449998855591	0.18335753679276	      -0.072352781891823	50.000000000000	0.0000000000000
4.7500000000000	0.18488059937954	      -0.073647834360600	50.000000000000	0.0000000000000
4.7550001144409	0.18637925386429	      -0.074941806495190	50.000000000000	0.0000000000000
4.7600002288818	0.18785449862480	      -0.076233729720116	50.000000000000	0.0000000000000
4.7649998664856	0.18930739164352	      -0.077522717416286	50.000000000000	0.0000000000000
4.7699999809265	0.19073911011219	      -0.078807935118675	50.000000000000	0.0000000000000
4.7750000953674	0.19215081632137	      -0.080088689923286	50.000000000000	0.0000000000000
4.7800002098083	0.19354377686977	      -0.081364341080189	50.000000000000	0.0000000000000
4.7849998474121	0.19491928815842	      -0.082634381949902	50.000000000000	0.0000000000000
4.7899999618530	0.19627869129181	      -0.083898380398750	50.000000000000	0.0000000000000
4.7950000762939	0.19762334227562	      -0.085156053304672	50.000000000000	0.0000000000000
4.8000001907349	0.19895459711552	      -0.086407206952572	50.000000000000	0.0000000000000
4.8049998283386	0.20027388632298	      -0.087651766836643	50.000000000000	0.0000000000000
4.8099999427795	0.20158259570599	      -0.088889755308628	50.000000000000	0.0000000000000
4.8150000572205	0.20288208127022	      -0.090121358633041	50.000000000000	0.0000000000000
4.8200001716614	0.20417372882366	      -0.091346822679043	50.000000000000	0.0000000000000
4.8249998092651	0.20545883476734	      -0.092566557228565	50.000000000000	0.0000000000000
4.8299999237061	0.20673872530460	      -0.093781046569347	50.000000000000	0.0000000000000
4.8350000381470	0.20801462233067	      -0.094990901648998	50.000000000000	0.0000000000000
4.8400001525879	0.20928773283958	      -0.096196845173836	50.000000000000	0.0000000000000
4.8449997901917	0.21055917441845	      -0.097399681806564	50.000000000000	0.0000000000000
4.8499999046326	0.21182997524738	      -0.098600313067436	50.000000000000	0.0000000000000
4.8550000190735	0.21310111880302	      -0.099799759685993	50.000000000000	0.0000000000000
4.8600001335144	0.21437345445156	      -0.10099907964468	50.000000000000	0.0000000000000
4.8649997711182	0.21564777195454	      -0.10219942033291	50.000000000000	0.0000000000000
4.8699998855591	0.21692474186420	      -0.10340202599764	50.000000000000	0.0000000000000
4.8750000000000	0.21820491552353	      -0.10460817068815	50.000000000000	0.0000000000000
4.8800001144409	0.21948876976967	      -0.10581915080547	50.000000000000	0.0000000000000
4.8850002288818	0.22077658772469	      -0.10703637450933	50.000000000000	0.0000000000000
4.8899998664856	0.22206860780716	      -0.10826119780540	50.000000000000	0.0000000000000
4.8949999809265	0.22336490452290	      -0.10949503630400	50.000000000000	0.0000000000000
4.9000000953674	0.22466543316841	      -0.11073931306601	50.000000000000	0.0000000000000
4.9050002098083	0.22597002983093	      -0.11199547350407	50.000000000000	0.0000000000000
4.9099998474121	0.22727838158607	      -0.11326486617327	50.000000000000	0.0000000000000
4.9149999618530	0.22859011590481	      -0.11454889178276	50.000000000000	0.0000000000000
4.9200000762939	0.22990465164185	      -0.11584888398647	50.000000000000	0.0000000000000
4.9250001907349	0.23122133314610	      -0.11716614663601	50.000000000000	0.0000000000000
4.9299998283386	0.23253941535950	      -0.11850191652775	50.000000000000	0.0000000000000
4.9349999427795	0.23385797441006	      -0.11985738575459	50.000000000000	0.0000000000000
4.9400000572205	0.23517605662346	      -0.12123363465071	50.000000000000	0.0000000000000
4.9450001716614	0.23649255931377	      -0.12263168394566	50.000000000000	0.0000000000000
4.9499998092651	0.23780633509159	      -0.12405246496201	50.000000000000	0.0000000000000
4.9549999237061	0.23911608755589	      -0.12549677491188	50.000000000000	0.0000000000000
4.9600000381470	0.24042050540447	      -0.12696541845798	50.000000000000	0.0000000000000
4.9650001525879	0.24171820282936	      -0.12845891714096	50.000000000000	0.0000000000000
4.9699997901917	0.24300770461559	      -0.12997780740261	50.000000000000	0.0000000000000
4.9749999046326	0.24428755044937	      -0.13152244687080	50.000000000000	0.0000000000000
4.9800000190735	0.24555619060993	      -0.13309313356876	50.000000000000	0.0000000000000
4.9850001335144	0.24681209027767	      -0.13468989729881	50.000000000000	0.0000000000000
4.9899997711182	0.24805368483067	      -0.13631281256676	50.000000000000	0.0000000000000
4.9949998855591	0.24927937984467	      -0.13796170055866	50.000000000000	0.0000000000000
5.0000000000000	0.25048765540123	      -0.13963633775711	50.000000000000	0.0000000000000
5.0050001144409	0.25167700648308	      -0.14133630692959	50.000000000000	0.0000000000000
5.0100002288818	0.25284588336945	      -0.14306108653545	50.000000000000	0.0000000000000
5.0149998664856	0.25399285554886	      -0.14481006562710	50.000000000000	0.0000000000000
5.0199999809265	0.25511652231216	      -0.14658249914646	50.000000000000	0.0000000000000
5.0250000953674	0.25621554255486	      -0.14837749302387	50.000000000000	0.0000000000000
5.0300002098083	0.25728863477707	      -0.15019410848618	50.000000000000	0.0000000000000
5.0349998474121	0.25833460688591	      -0.15203128755093	50.000000000000	0.0000000000000
5.0399999618530	0.25935238599777	      -0.15388783812523	50.000000000000	0.0000000000000
5.0450000762939	0.26034092903137	      -0.15576252341270	50.000000000000	0.0000000000000
5.0500001907349	0.26129937171936	      -0.15765406191349	50.000000000000	0.0000000000000
5.0549998283386	0.26222687959671	      -0.15956102311611	50.000000000000	0.0000000000000
5.0599999427795	0.26312282681465	      -0.16148202121258	50.000000000000	0.0000000000000
5.0650000572205	0.26398655772209	      -0.16341555118561	50.000000000000	0.0000000000000
5.0700001716614	0.26481771469116	      -0.16536010801792	50.000000000000	0.0000000000000
5.0749998092651	0.26561594009399	      -0.16731417179108	50.000000000000	0.0000000000000
5.0799999237061	0.26638102531433	      -0.16927611827850	50.000000000000	0.0000000000000
5.0850000381470	0.26711288094521	      -0.17124447226524	50.000000000000	0.0000000000000
5.0900001525879	0.26781159639359	      -0.17321768403053	50.000000000000	0.0000000000000
5.0949997901917	0.26847732067108	      -0.17519415915012	50.000000000000	0.0000000000000
5.0999999046326	0.26911032199860	      -0.17717248201370	50.000000000000	0.0000000000000
5.1050000190735	0.26971098780632	      -0.17915113270283	50.000000000000	0.0000000000000
5.1100001335144	0.27027988433838	      -0.18112872540951	50.000000000000	0.0000000000000
5.1149997711182	0.27081754803658	      -0.18310390412807	50.000000000000	0.0000000000000
5.1199998855591	0.27132478356361	      -0.18507538735867	50.000000000000	0.0000000000000
5.1250000000000	0.27180230617523	      -0.18704198300838	50.000000000000	0.0000000000000
5.1300001144409	0.27225103974342	      -0.18900251388550	50.000000000000	0.0000000000000
5.1350002288818	0.27267196774483	      -0.19095601141453	50.000000000000	0.0000000000000
5.1399998664856	0.27306607365608	      -0.19290147721767	50.000000000000	0.0000000000000
5.1449999809265	0.27343451976776	      -0.19483807682991	50.000000000000	0.0000000000000
5.1500000953674	0.27377837896347	      -0.19676505029202	50.000000000000	0.0000000000000
5.1550002098083	0.27409887313843	      -0.19868180155754	50.000000000000	0.0000000000000
5.1599998474121	0.27439719438553	      -0.20058777928352	50.000000000000	0.0000000000000
5.1649999618530	0.27467459440231	      -0.20248258113861	50.000000000000	0.0000000000000
5.1700000762939	0.27493229508400	      -0.20436587929726	50.000000000000	0.0000000000000
5.1750001907349	0.27517154812813	      -0.20623753964901	50.000000000000	0.0000000000000
5.1799998283386	0.27539357542992	      -0.20809739828110	50.000000000000	0.0000000000000
5.1849999427795	0.27559956908226	      -0.20994554460049	50.000000000000	0.0000000000000
5.1900000572205	0.27579075098038	      -0.21178206801414	50.000000000000	0.0000000000000
5.1950001716614	0.27596822381020	      -0.21360723674297	50.000000000000	0.0000000000000
5.1999998092651	0.27613309025764	      -0.21542134881020	50.000000000000	0.0000000000000
5.2049999237061	0.27628642320633	      -0.21722480654716	50.000000000000	0.0000000000000
5.2100000381470	0.27642908692360	      -0.21901814639568	50.000000000000	0.0000000000000
5.2150001525879	0.27656212449074	      -0.22080193459988	50.000000000000	0.0000000000000
5.2199997901917	0.27668625116348	      -0.22257678210735	50.000000000000	0.0000000000000
5.2249999046326	0.27680230140686	      -0.22434344887733	50.000000000000	0.0000000000000
5.2300000190735	0.27691087126732	      -0.22610266506672	50.000000000000	0.0000000000000
5.2350001335144	0.27701252698898	      -0.22785526514053	50.000000000000	0.0000000000000
5.2399997711182	0.27710777521133	      -0.22960206866264	50.000000000000	0.0000000000000
5.2449998855591	0.27719697356224	      -0.23134396970272	50.000000000000	0.0000000000000
5.2500000000000	0.27728039026260	      -0.23308178782463	50.000000000000	0.0000000000000
5.2550001144409	0.27735823392868	      -0.23481649160385	50.000000000000	0.0000000000000
5.2600002288818	0.27743056416512	      -0.23654897511005	50.000000000000	0.0000000000000
5.2649998664856	0.27749735116959	      -0.23828004300594	50.000000000000	0.0000000000000
5.2699999809265	0.27755853533745	      -0.24001063406467	50.000000000000	0.0000000000000
5.2750000953674	0.27761390805244	      -0.24174153804779	50.000000000000	0.0000000000000
5.2800002098083	0.27766311168671	      -0.24347354471684	50.000000000000	0.0000000000000
5.2849998474121	0.27770587801933	      -0.24520744383335	50.000000000000	0.0000000000000
5.2899999618530	0.27774173021317	      -0.24694387614727	50.000000000000	0.0000000000000
5.2950000762939	0.27777013182640	      -0.24868346750736	50.000000000000	0.0000000000000
5.3000001907349	0.27779054641724	      -0.25042682886124	50.000000000000	0.0000000000000
5.3049998283386	0.27780225872993	      -0.25217449665070	50.000000000000	0.0000000000000
5.3099999427795	0.27780467271805	      -0.25392684340477	50.000000000000	0.0000000000000
5.3150000572205	0.27779701352119	      -0.25568422675133	50.000000000000	0.0000000000000
5.3200001716614	0.27777856588364	      -0.25744685530663	50.000000000000	0.0000000000000
5.3249998092651	0.27774849534035	      -0.25921493768692	50.000000000000	0.0000000000000
5.3299999237061	0.27770596742630	      -0.26098853349686	50.000000000000	0.0000000000000
5.3350000381470	0.27765029668808	      -0.26276767253876	50.000000000000	0.0000000000000
5.3400001525879	0.27758058905602	      -0.26455226540565	50.000000000000	0.0000000000000
5.3449997901917	0.27749606966972	      -0.26634210348129	50.000000000000	0.0000000000000
5.3499999046326	0.27739599347115	      -0.26813691854477	50.000000000000	0.0000000000000
5.3550000190735	0.27727958559990	      -0.26993644237518	50.000000000000	0.0000000000000
5.3600001335144	0.27714616060257	      -0.27174013853073	50.000000000000	0.0000000000000
5.3649997711182	0.27699500322342	      -0.27354758977890	50.000000000000	0.0000000000000
5.3699998855591	0.27682557702065	      -0.27535817027092	50.000000000000	0.0000000000000
5.3750000000000	0.27663722634315	      -0.27717128396034	50.000000000000	0.0000000000000
5.3800001144409	0.27642956376076	      -0.27898624539375	50.000000000000	0.0000000000000
5.3850002288818	0.27620208263397	      -0.28080230951309	50.000000000000	0.0000000000000
5.3899998664856	0.27595448493958	      -0.28261867165565	50.000000000000	0.0000000000000
5.3949999809265	0.27568638324738	      -0.28443455696106	50.000000000000	0.0000000000000
5.4000000953674	0.27539771795273	      -0.28624904155731	50.000000000000	0.0000000000000
5.4050002098083	0.27508839964867	      -0.28806129097939	50.000000000000	0.0000000000000
5.4099998474121	0.27475824952126	      -0.28987047076225	50.000000000000	0.0000000000000
5.4149999618530	0.27440720796585	      -0.29167574644089	50.000000000000	0.0000000000000
5.4200000762939	0.27403566241264	      -0.29347616434097	50.000000000000	0.0000000000000
5.4250001907349	0.27364361286163	      -0.29527094960213	50.000000000000	0.0000000000000
5.4299998283386	0.27323174476624	      -0.29705896973610	50.000000000000	0.0000000000000
5.4349999427795	0.27279999852180	      -0.29883977770805	50.000000000000	0.0000000000000
5.4400000572205	0.27234882116318	      -0.30061253905296	50.000000000000	0.0000000000000
5.4450001716614	0.27187916636467	      -0.30237630009651	50.000000000000	0.0000000000000
5.4499998092651	0.27139130234718	      -0.30413052439690	50.000000000000	0.0000000000000
5.4549999237061	0.27088591456413	      -0.30587458610535	50.000000000000	0.0000000000000
5.4600000381470	0.27036345005035	      -0.30760812759399	50.000000000000	0.0000000000000
5.4650001525879	0.26982504129410	      -0.30933040380478	50.000000000000	0.0000000000000
5.4699997901917	0.26927116513252	      -0.31104111671448	50.000000000000	0.0000000000000
5.4749999046326	0.26870280504227	      -0.31273990869522	50.000000000000	0.0000000000000
5.4800000190735	0.26812082529068	      -0.31442642211914	50.000000000000	0.0000000000000
5.4850001335144	0.26752594113350	      -0.31610059738159	50.000000000000	0.0000000000000
5.4899997711182	0.26691916584969	      -0.31776225566864	50.000000000000	0.0000000000000
5.4949998855591	0.26630091667175	      -0.31941166520119	50.000000000000	0.0000000000000
5.5000000000000	0.26567265391350	      -0.32104846835136	50.000000000000	0.0000000000000
5.5050001144409	0.26503515243530	      -0.32267281413078	50.000000000000	0.0000000000000
5.5100002288818	0.26438859105110	      -0.32428544759750	50.000000000000	0.0000000000000
5.5149998664856	0.26373443007469	      -0.32588607072830	50.000000000000	0.0000000000000
5.5199999809265	0.26307287812233	      -0.32747551798820	50.000000000000	0.0000000000000
5.5250000953674	0.26240485906601	      -0.32905393838882	50.000000000000	0.0000000000000
5.5300002098083	0.26173120737076	      -0.33062186837196	50.000000000000	0.0000000000000
5.5349998474121	0.26105213165283	      -0.33217996358871	50.000000000000	0.0000000000000
5.5399999618530	0.26036810874939	      -0.33372890949249	50.000000000000	0.0000000000000
5.5450000762939	0.25968006253242	      -0.33526900410652	50.000000000000	0.0000000000000
5.5500001907349	0.25898811221123	      -0.33680117130280	50.000000000000	0.0000000000000
5.5549998283386	0.25829240679741	      -0.33832609653473	50.000000000000	0.0000000000000
5.5599999427795	0.25759339332581	      -0.33984440565109	50.000000000000	0.0000000000000
5.5650000572205	0.25689083337784	      -0.34135708212852	50.000000000000	0.0000000000000
5.5700001716614	0.25618514418602	      -0.34286466240883	50.000000000000	0.0000000000000
5.5749998092651	0.25547593832016	      -0.34436807036400	50.000000000000	0.0000000000000
5.5799999237061	0.25476366281509	      -0.34586778283119	50.000000000000	0.0000000000000
5.5850000381470	0.25404742360115	      -0.34736481308937	50.000000000000	0.0000000000000
5.5900001525879	0.25332754850388	      -0.34885957837105	50.000000000000	0.0000000000000
5.5949997901917	0.25260350108147	      -0.35035276412964	50.000000000000	0.0000000000000
5.5999999046326	0.25187519192696	      -0.35184484720230	50.000000000000	0.0000000000000
5.6050000190735	0.25114119052887	      -0.35333693027496	50.000000000000	0.0000000000000
5.6100001335144	0.25040197372437	      -0.35482895374298	50.000000000000	0.0000000000000
5.6149997711182	0.24965652823448	      -0.35632154345512	50.000000000000	0.0000000000000
5.6199998855591	0.24890427291393	      -0.35781514644623	50.000000000000	0.0000000000000
5.6250000000000	0.24814447760582	      -0.35930988192558	50.000000000000	0.0000000000000
5.6300001144409	0.24737660586834	      -0.36080610752106	50.000000000000	0.0000000000000
5.6350002288818	0.24659982323647	      -0.36230391263962	50.000000000000	0.0000000000000
5.6399998664856	0.24581341445446	      -0.36380341649055	50.000000000000	0.0000000000000
5.6449999809265	0.24501667916775	      -0.36530455946922	50.000000000000	0.0000000000000
5.6500000953674	0.24420881271362	      -0.36680725216866	50.000000000000	0.0000000000000
5.6550002098083	0.24338912963867	      -0.36831125617027	50.000000000000	0.0000000000000
5.6599998474121	0.24255694448948	      -0.36981636285782	50.000000000000	0.0000000000000
5.6649999618530	0.24171148240566	      -0.37132224440575	50.000000000000	0.0000000000000
5.6700000762939	0.24085214734077	      -0.37282854318619	50.000000000000	0.0000000000000
5.6750001907349	0.23997831344604	      -0.37433469295502	50.000000000000	0.0000000000000
5.6799998283386	0.23908939957619	      -0.37584012746811	50.000000000000	0.0000000000000
5.6849999427795	0.23818488419056	      -0.37734434008598	50.000000000000	0.0000000000000
5.6900000572205	0.23726437985897	      -0.37884664535522	50.000000000000	0.0000000000000
5.6950001716614	0.23632749915123	      -0.38034617900848	50.000000000000	0.0000000000000
5.6999998092651	0.23537382483482	      -0.38184240460396	50.000000000000	0.0000000000000
5.7049999237061	0.23440331220627	      -0.38333439826965	50.000000000000	0.0000000000000
5.7100000381470	0.23341558873653	      -0.38482138514519	50.000000000000	0.0000000000000
5.7150001525879	0.23241066932678	      -0.38630250096321	50.000000000000	0.0000000000000
5.7199997901917	0.23138856887817	      -0.38777700066566	50.000000000000	0.0000000000000
5.7249999046326	0.23034945130348	      -0.38924390077591	50.000000000000	0.0000000000000
5.7300000190735	0.22929327189922	      -0.39070245623589	50.000000000000	0.0000000000000
5.7350001335144	0.22822055220604	      -0.39215183258057	50.000000000000	0.0000000000000
5.7399997711182	0.22713144123554	      -0.39359119534492	50.000000000000	0.0000000000000
5.7449998855591	0.22602640092373	      -0.39501979947090	50.000000000000	0.0000000000000
5.7500000000000	0.22490595281124	      -0.39643692970276	50.000000000000	0.0000000000000
5.7550001144409	0.22377063333988	      -0.39784187078476	50.000000000000	0.0000000000000
5.7600002288818	0.22262096405029	      -0.39923411607742	50.000000000000	0.0000000000000
5.7649998664856	0.22145776450634	      -0.40061295032501	50.000000000000	0.0000000000000
5.7699999809265	0.22028174996376	      -0.40197795629501	50.000000000000	0.0000000000000
5.7750000953674	0.21909368038177	      -0.40332871675491	50.000000000000	0.0000000000000
5.7800002098083	0.21789433062077	      -0.40466484427452	50.000000000000	0.0000000000000
5.7849998474121	0.21668466925621	      -0.40598610043526	50.000000000000	0.0000000000000
5.7899999618530	0.21546539664268	      -0.40729230642319	50.000000000000	0.0000000000000
5.7950000762939	0.21423743665218	      -0.40858334302902	50.000000000000	0.0000000000000
5.8000001907349	0.21300186216831	      -0.40985921025276	50.000000000000	0.0000000000000
5.8049998283386	0.21175934374332	      -0.41112002730370	50.000000000000	0.0000000000000
5.8099999427795	0.21051082015038	      -0.41236588358879	50.000000000000	0.0000000000000
5.8150000572205	0.20925714075565	      -0.41359710693359	50.000000000000	0.0000000000000
5.8200001716614	0.20799916982651	      -0.41481396555901	50.000000000000	0.0000000000000
5.8249998092651	0.20673768222332	      -0.41601687669754	50.000000000000	0.0000000000000
5.8299999237061	0.20547333359718	      -0.41720634698868	50.000000000000	0.0000000000000
5.8350000381470	0.20420685410500	      -0.41838294267654	50.000000000000	0.0000000000000
5.8400001525879	0.20293886959553	      -0.41954725980759	50.000000000000	0.0000000000000
5.8449997901917	0.20166993141174	      -0.42070001363754	50.000000000000	0.0000000000000
5.8499999046326	0.20040057599545	      -0.42184185981750	50.000000000000	0.0000000000000
5.8550000190735	0.19913099706173	      -0.42297363281250	50.000000000000	0.0000000000000
5.8600001335144	0.19786167144775	      -0.42409613728523	50.000000000000	0.0000000000000
5.8649997711182	0.19659283757210	      -0.42521017789841	50.000000000000	0.0000000000000
5.8699998855591	0.19532454013824	      -0.42631661891937	50.000000000000	0.0000000000000
5.8750000000000	0.19405686855316	      -0.42741635441780	50.000000000000	0.0000000000000
5.8800001144409	0.19278979301453	      -0.42851018905640	50.000000000000	0.0000000000000
5.8850002288818	0.19152314960957	      -0.42959901690483	50.000000000000	0.0000000000000
5.8899998664856	0.19025677442551	      -0.43068364262581	50.000000000000	0.0000000000000
5.8949999809265	0.18899025022984	      -0.43176487088203	50.000000000000	0.0000000000000
5.9000000953674	0.18772327899933	      -0.43284347653389	50.000000000000	0.0000000000000
5.9050002098083	0.18645526468754	      -0.43392011523247	50.000000000000	0.0000000000000
5.9099998474121	0.18518574535847	      -0.43499553203583	50.000000000000	0.0000000000000
5.9149999618530	0.18391403555870	      -0.43607026338577	50.000000000000	0.0000000000000
5.9200000762939	0.18263952434063	      -0.43714490532875	50.000000000000	0.0000000000000
5.9250001907349	0.18136140704155	      -0.43821981549263	50.000000000000	0.0000000000000
5.9299998283386	0.18007886409760	      -0.43929544091225	50.000000000000	0.0000000000000
5.9349999427795	0.17879107594490	      -0.44037204980850	50.000000000000	0.0000000000000
5.9400000572205	0.17749723792076	      -0.44144979119301	50.000000000000	0.0000000000000
5.9450001716614	0.17619645595551	      -0.44252878427505	50.000000000000	0.0000000000000
5.9499998092651	0.17488773167133	      -0.44360902905464	50.000000000000	0.0000000000000
5.9549999237061	0.17357020080090	      -0.44469049572945	50.000000000000	0.0000000000000
5.9600000381470	0.17224310338497	      -0.44577288627625	50.000000000000	0.0000000000000
5.9650001525879	0.17090536653996	      -0.44685599207878	50.000000000000	0.0000000000000
5.9699997901917	0.16955633461475	      -0.44793939590454	50.000000000000	0.0000000000000
5.9749999046326	0.16819503903389	      -0.44902268052101	50.000000000000	0.0000000000000
5.9800000190735	0.16682086884975	      -0.45010519027710	50.000000000000	0.0000000000000
5.9850001335144	0.16543300449848	      -0.45118635892868	50.000000000000	0.0000000000000
5.9899997711182	0.16403084993362	      -0.45226550102234	50.000000000000	0.0000000000000
5.9949998855591	0.16261383891106	      -0.45334172248840	50.000000000000	0.0000000000000
6.0000000000000	0.16118147969246	      -0.45441424846649	50.000000000000	0.0000000000000
