1.0000000000000	0.023040618747473	0.043979253619909
1.0049999952316	0.023309079930186	0.044158093631268
1.0099999904633	0.023575779050589	0.044334962964058
1.0149999856949	0.023840593174100	0.044510252773762
1.0199999809265	0.024103414267302	0.044684357941151
1.0249999761581	0.024364214390516	0.044857695698738
1.0299999713898	0.024622978642583	0.045030668377876
1.0349999666214	0.024879759177566	0.045203670859337
1.0399999618530	0.025134637951851	0.045377105474472
1.0449999570847	0.025387732312083	0.045551363378763
1.0499999523163	0.025639215484262	0.045726791024208
1.0549999475479	0.025889281183481	0.045903738588095
1.0599999427795	0.026138169690967	0.046082518994808
1.0650000572205	0.026386143639684	0.046263430267572
1.0700000524521	0.026633497327566	0.046446725726128
1.0750000476837	0.026880541816354	0.046632636338472
1.0800000429153	0.027127623558044	0.046821352094412
1.0850000381470	0.027375089004636	0.047013033181429
1.0900000333786	0.027623308822513	0.047207791358232
1.0950000286102	0.027872653678060	0.047405701130629
1.1000000238419	0.028123497962952	0.047606807202101
1.1050000190735	0.028376217931509	0.047811109572649
1.1100000143051	0.028631199151278	0.048018570989370
1.1150000095367	0.028888799250126	0.048229116946459
1.1200000047684	0.029149370267987	0.048442628234625
1.1250000000000	0.029413249343634	0.048658970743418
1.1299999952316	0.029680760577321	0.048877958208323
1.1349999904633	0.029952200129628	0.049099393188953
1.1399999856949	0.030227834358811	0.049323029816151
1.1449999809265	0.030507909134030	0.049548614770174
1.1499999761581	0.030792642384768	0.049775876104832
1.1549999713898	0.031082218512893	0.050004508346319
1.1599999666214	0.031376793980598	0.050234194844961
1.1649999618530	0.031676482409239	0.050464637577534
1.1699999570847	0.031981360167265	0.050695482641459
1.1749999523163	0.032291490584612	0.050926417112350
1.1799999475479	0.032606881111860	0.051157109439373
1.1849999427795	0.032927513122559	0.051387224346399
1.1900000572205	0.033253338187933	0.051616448909044
1.1950000524521	0.033584274351597	0.051844477653503
1.2000000476837	0.033920209854841	0.052071020007133
1.2050000429153	0.034260995686054	0.052295796573162
1.2100000381470	0.034606475383043	0.052518557757139
1.2150000333786	0.034956455230713	0.052739068865776
1.2200000286102	0.035310726612806	0.052957113832235
1.2250000238419	0.035669054836035	0.053172517567873
1.2300000190735	0.036031194031239	0.053385127335787
1.2350000143051	0.036396905779839	0.053594812750816
1.2400000095367	0.036765918135643	0.053801488131285
1.2450000047684	0.037137955427170	0.054005082696676
1.2500000000000	0.037512756884098	0.054205562919378
1.2549999952316	0.037890050560236	0.054402932524681
1.2599999904633	0.038269571959972	0.054597213864326
1.2649999856949	0.038651064038277	0.054788459092379
1.2699999809265	0.039034277200699	0.054976757615805
1.2749999761581	0.039418995380402	0.055162228643894
1.2799999713898	0.039804987609386	0.055344995111227
1.2849999666214	0.040192056447268	0.055525224655867
1.2899999618530	0.040580034255981	0.055703088641167
1.2949999570847	0.040968764573336	0.055878788232803
1.2999999523163	0.041358117014170	0.056052539497614
1.3049999475479	0.041747990995646	0.056224558502436
1.3099999427795	0.042138304561377	0.056395094841719
1.3150000572205	0.042529013007879	0.056564375758171
1.3200000524521	0.042920097708702	0.056732665747404
1.3250000476837	0.043311562389135	0.056900195777416
1.3300000429153	0.043703440576792	0.057067207992077
1.3350000381470	0.044095795601606	0.057233970612288
1.3400000333786	0.044488720595837	0.057400681078434
1.3450000286102	0.044882323592901	0.057567592710257
1.3500000238419	0.045276746153831	0.057734899222851
1.3550000190735	0.045672152191401	0.057902798056602
1.3600000143051	0.046068724244833	0.058071471750736
1.3650000095367	0.046466652303934	0.058241076767445
1.3700000047684	0.046866167336702	0.058411750942469
1.3750000000000	0.047267492860556	0.058583606034517
1.3799999952316	0.047670867294073	0.058756738901138
1.3849999904633	0.048076551407576	0.058931220322847
1.3899999856949	0.048484798520803	0.059107083827257
1.3949999809265	0.048895873129368	0.059284344315529
1.3999999761581	0.049310032278299	0.059463001787663
1.4049999713898	0.049727555364370	0.059643011540174
1.4099999666214	0.050148684531450	0.059824325144291
1.4149999618530	0.050573669373989	0.060006856918335
1.4199999570847	0.051002770662308	0.060190487653017
1.4249999523163	0.051436182111502	0.060375116765499
1.4299999475479	0.051874142140150	0.060560580343008
1.4349999427795	0.052316896617413	0.060746680945158
1.4400000572205	0.052764546126127	0.060933288186789
1.4450000524521	0.053217303007841	0.061120167374611
1.4500000476837	0.053675312548876	0.061307128518820
1.4550000429153	0.054138679057360	0.061493948101997
1.4600000381470	0.054607547819614	0.061680357903242
1.4650000333786	0.055081982165575	0.061866145581007
1.4700000286102	0.055562011897564	0.062051091343164
1.4750000238419	0.056047715246677	0.062234926968813
1.4800000190735	0.056539084762335	0.062417410314083
1.4850000143051	0.057036112993956	0.062598347663879
1.4900000095367	0.057538755238056	0.062777467072010
1.4950000047684	0.058047022670507	0.062954537570477
1.5000000000000	0.058560792356730	0.063129380345345
1.5049999952316	0.059080004692078	0.063301771879196
1.5099999904633	0.059604533016682	0.063471540808678
1.5149999856949	0.060134258121252	0.063638538122177
1.5199999809265	0.060669094324112	0.063802562654018
1.5249999761581	0.061208866536617	0.063963495194912
1.5299999713898	0.061753448098898	0.064121231436729
1.5349999666214	0.062302663922310	0.064275667071342
1.5399999618530	0.062856383621693	0.064426712691784
1.5449999570847	0.063414409756660	0.064574308693409
1.5499999523163	0.063976608216763	0.064718447625637
1.5549999475479	0.064542822539806	0.064859069883823
1.5599999427795	0.065112896263599	0.064996197819710
1.5650000572205	0.065686672925949	0.065129846334457
1.5700000524521	0.066264018416405	0.065260052680969
1.5750000476837	0.066844813525677	0.065386861562729
1.5800000429153	0.067428939044476	0.065510347485542
1.5850000381470	0.068016290664673	0.065630599856377
1.5900000333786	0.068606778979301	0.065747715532780
1.5950000286102	0.069200344383717	0.065861761569977
1.6000000238419	0.069796919822693	0.065972901880741
1.6050000190735	0.070396468043327	0.066081225872040
1.6100000143051	0.070999003946781	0.066186867654324
1.6150000095367	0.071604482829571	0.066289946436882
1.6200000047684	0.072212971746922	0.066390596330166
1.6250000000000	0.072824478149414	0.066488951444626
1.6299999952316	0.073439076542854	0.066585116088390
1.6349999904633	0.074056848883629	0.066679231822491
1.6399999856949	0.074677884578705	0.066771380603313
1.6449999809265	0.075302295386791	0.066861681640148
1.6499999761581	0.075930222868919	0.066950224339962
1.6549999713898	0.076561786234379	0.067037083208561
1.6599999666214	0.077197179198265	0.067122317850590
1.6649999618530	0.077836535871029	0.067205980420113
1.6699999570847	0.078480049967766	0.067288108170033
1.6749999523163	0.079127930104733	0.067368716001511
1.6799999475479	0.079780325293541	0.067447781562805
1.6849999427795	0.080437496304512	0.067525312304497
1.6900000572205	0.081099584698677	0.067601241171360
1.6950000524521	0.081766828894615	0.067675530910492
1.7000000476837	0.082439430058002	0.067748084664345
1.7050000429153	0.083117589354515	0.067818813025951
1.7100000381470	0.083801500499249	0.067887596786022
1.7150000333786	0.084491349756718	0.067954316735268
1.7200000286102	0.085187338292599	0.068018786609173
1.7250000238419	0.085889607667923	0.068080872297287
1.7300000190735	0.086598359048367	0.068140372633934
1.7350000143051	0.087313704192638	0.068197101354599
1.7400000095367	0.088035807013512	0.068250842392445
1.7450000047684	0.088764794170856	0.068301387131214
1.7500000000000	0.089500762522221	0.068348497152328
1.7549999952316	0.090243801474571	0.068391934037209
1.7599999904633	0.090994000434875	0.068431451916695
1.7649999856949	0.091751411557198	0.068466804921627
1.7699999809265	0.092516072094440	0.068497739732265
1.7749999761581	0.093288011848927	0.068524017930031
1.7799999713898	0.094067238271236	0.068545348942280
1.7849999666214	0.094853758811951	0.068561524152756
1.7899999618530	0.095647536218166	0.068572290241718
1.7949999570847	0.096448518335819	0.068577386438847
1.7999999523163	0.097256682813168	0.068576581776142
1.8049999475479	0.098071970045567	0.068569667637348
1.8099999427795	0.098894268274307	0.068556413054466
1.8150000572205	0.099723510444164	0.068536601960659
1.8200000524521	0.10055958479643	0.068510055541992
1.8250000476837	0.10140241682529	0.068476565182209
1.8300000429153	0.10225188732147	0.068435974419117
1.8350000381470	0.10310786962509	0.068388111889362
1.8400000333786	0.10397022962570	0.068332843482494
1.8450000286102	0.10483887791634	0.068270012736320
1.8500000238419	0.10571368038654	0.068199507892132
1.8550000190735	0.10659451037645	0.068121217191219
1.8600000143051	0.10748126357794	0.068035036325455
1.8650000095367	0.10837381333113	0.067940898239613
1.8700000047684	0.10927206277847	0.067838691174984
1.8750000000000	0.11017590016127	0.067728370428085
1.8799999952316	0.11108524352312	0.067609868943691
1.8849999904633	0.11200001090765	0.067483134567738
1.8899999856949	0.11292011290789	0.067348115146160
1.8949999809265	0.11384549736977	0.067204788327217
1.8999999761581	0.11477610468864	0.067053109407425
1.9049999713898	0.11571188271046	0.066893026232719
1.9099999666214	0.11665283888578	0.066724523901939
1.9149999618530	0.11759892106056	0.066547550261021
1.9199999570847	0.11855012178421	0.066362082958221
1.9249999523163	0.11950647830963	0.066168054938316
1.9299999475479	0.12046796828508	0.065965436398983
1.9349999427795	0.12143465131521	0.065754167735577
1.9400000572205	0.12240654230118	0.065534174442291
1.9450000524521	0.12338369339705	0.065305396914482
1.9500000476837	0.12436616420746	0.065067723393440
1.9550000429153	0.12535403668880	0.064821086823940
1.9600000381470	0.12634731829166	0.064565353095531
1.9650000333786	0.12734614312649	0.064300402998924
1.9700000286102	0.12835055589676	0.064026087522507
1.9750000238419	0.12936063110828	0.063742280006409
1.9800000190735	0.13037647306919	0.063448771834373
1.9850000143051	0.13139814138412	0.063145391643047
1.9900000095367	0.13242568075657	0.062831930816174
1.9950000047684	0.13345922529697	0.062508173286915
2.0000000000000	0.13449876010418	0.062173873186111
2.0050001144409	0.13554438948631	0.061828769743443
2.0099999904633	0.13659617304802	0.061472613364458
2.0150001049042	0.13765408098698	0.061105102300644
2.0199999809265	0.13871820271015	0.060725945979357
2.0250000953674	0.13978852331638	0.060334824025631
2.0299999713898	0.14086502790451	0.059931427240372
2.0350000858307	0.14194771647453	0.059515405446291
2.0399999618530	0.14303652942181	0.059086401015520
2.0450000762939	0.14413140714169	0.058644082397223
2.0499999523163	0.14523231983185	0.058188077062368
2.0550000667572	0.14633911848068	0.057718019932508
2.0599999427795	0.14745172858238	0.057233531028032
2.0650000572205	0.14857000112534	0.056734226644039
2.0699999332428	0.14969378709793	0.056219737976789
2.0750000476837	0.15082292258739	0.055689699947834
2.0799999237061	0.15195719897747	0.055143706500530
2.0850000381470	0.15309640765190	0.054581400007010
2.0899999141693	0.15424032509327	0.054002400487661
2.0950000286102	0.15538868308067	0.053406350314617
2.0999999046326	0.15654124319553	0.052792884409428
2.1050000190735	0.15769769251347	0.052161648869514
2.1099998950958	0.15885773301125	0.051512312144041
2.1150000095367	0.16002102196217	0.050844527781010
2.1199998855591	0.16118724644184	0.050157986581326
2.1250000000000	0.16235606372356	0.049452360719442
2.1300001144409	0.16352708637714	0.048727370798588
2.1349999904633	0.16469994187355	0.047982715070248
2.1400001049042	0.16587424278259	0.047218129038811
2.1449999809265	0.16704960167408	0.046433348208666
2.1500000953674	0.16822561621666	0.045628130435944
2.1549999713898	0.16940182447433	0.044802237302065
2.1600000858307	0.17057785391808	0.043955452740192
2.1649999618530	0.17175327241421	0.043087575584650
2.1700000762939	0.17292763292789	0.042198400944471
2.1749999523163	0.17410047352314	0.041287753731012
2.1800000667572	0.17527140676975	0.040355462580919
2.1849999427795	0.17643992602825	0.039401371032000
2.1900000572205	0.17760567367077	0.038425337523222
2.1949999332428	0.17876811325550	0.037427216768265
2.2000000476837	0.17992684245110	0.036406885832548
2.2049999237061	0.18108138442039	0.035364225506783
2.2100000381470	0.18223130702972	0.034299127757549
2.2149999141693	0.18337613344193	0.033211488276720
2.2200000286102	0.18451547622681	0.032101206481457
2.2249999046326	0.18564878404140	0.030968198552728
2.2300000190735	0.18677566945553	0.029812375083566
2.2349998950958	0.18789565563202	0.028633659705520
2.2400000095367	0.18900826573372	0.027431970462203
2.2449998855591	0.19011305272579	0.026207236573100
2.2500000000000	0.19120952486992	0.024959390982985
2.2550001144409	0.19229722023010	0.023688364773989
2.2599999904633	0.19337567687035	0.022394098341465
2.2650001049042	0.19444437325001	0.021076528355479
2.2699999809265	0.19550281763077	0.019735598936677
2.2750000953674	0.19655054807663	0.018371256068349
2.2799999713898	0.19758701324463	0.016983455047011
2.2850000858307	0.19861169159412	0.015572143718600
2.2899999618530	0.19962407648563	0.014137288555503
2.2950000762939	0.20062358677387	0.012678848579526
2.2999999523163	0.20160970091820	0.011196801438928
2.3050000667572	0.20258180797100	0.0096911219879985
2.3099999427795	0.20353934168816	0.0081618055701256
2.3150000572205	0.20448170602322	0.0066088461317122
2.3199999332428	0.20540824532509	0.0050322534516454
2.3250000476837	0.20631839334965	0.0034320540726185
2.3299999237061	0.20721144974232	0.0018082843162119
2.3350000381470	0.20808674395084	0.00016099528875202
2.3399999141693	0.20894363522530	-0.0015097314026207
2.3450000286102	0.20978140830994	-0.0032038181088865
2.3499999046326	0.21059931814671	-0.0049211434088647
2.3550000190735	0.21139670908451	-0.0066615734249353
2.3599998950958	0.21217276155949	-0.0084249507635832
2.3650000095367	0.21292677521706	-0.010211085900664
2.3699998855591	0.21365796029568	-0.012019762769341
2.3750000000000	0.21436554193497	-0.013850736431777
2.3800001144409	0.21504873037338	-0.015703739598393
2.3849999904633	0.21570676565170	-0.017578456550837
2.3900001049042	0.21633879840374	-0.019474543631077
2.3949999809265	0.21694406867027	-0.021391624584794
2.4000000953674	0.21752171218395	-0.023329287767410
2.4049999713898	0.21807096898556	-0.025287078693509
2.4100000858307	0.21859101951122	-0.027264498174191
2.4149999618530	0.21908107399940	-0.029261032119393
2.4200000762939	0.21954031288624	-0.031276095658541
2.4249999523163	0.21996794641018	-0.033309090882540
2.4300000667572	0.22036324441433	-0.035359364002943
2.4349999427795	0.22072538733482	-0.037426225841045
2.4400000572205	0.22105368971825	-0.039508938789368
2.4449999332428	0.22134736180305	-0.041606754064560
2.4500000476837	0.22160577774048	-0.043718844652176
2.4549999237061	0.22182819247246	-0.045844383537769
2.4600000381470	0.22201396524906	-0.047982465475798
2.4649999141693	0.22216248512268	-0.050132192671299
2.4700000286102	0.22227315604687	-0.052292596548796
2.4749999046326	0.22234542667866	-0.054462704807520
2.4800000190735	0.22237876057625	-0.056641500443220
2.4849998950958	0.22237268090248	-0.058827936649323
2.4900000095367	0.22232672572136	-0.061020925641060
2.4949998855591	0.22224046289921	-0.063219383358955
2.5000000000000	0.22211357951164	-0.065422192215919
2.5050001144409	0.22194573283195	-0.067628182470798
2.5099999904633	0.22173662483692	-0.069836221635342
2.5150001049042	0.22148606181145	-0.072045132517815
2.5199999809265	0.22119382023811	-0.074253708124161
2.5250000953674	0.22085979580879	-0.076460756361485
2.5299999713898	0.22048386931419	-0.078665062785149
2.5350000858307	0.22006601095200	-0.080865412950516
2.5399999618530	0.21960626542568	-0.083060584962368
2.5450000762939	0.21910463273525	-0.085249364376068
2.5499999523163	0.21856123209000	-0.087430544197559
2.5550000667572	0.21797622740269	-0.089602880179882
2.5599999427795	0.21734979748726	-0.091765202581882
2.5650000572205	0.21668221056461	-0.093916274607182
2.5699999332428	0.21597371995449	-0.096054941415787
2.5750000476837	0.21522469818592	-0.098180025815964
2.5799999237061	0.21443550288677	-0.10029034316540
2.5850000381470	0.21360652148724	-0.10238478332758
2.5899999141693	0.21273827552795	-0.10446220636368
2.5950000286102	0.21183122694492	-0.10652152448893
2.5999999046326	0.21088592708111	-0.10856164991856
2.6050000190735	0.20990294218063	-0.11058152467012
2.6099998950958	0.20888286828995	-0.11258012056351
2.6150000095367	0.20782639086246	-0.11455646902323
2.6199998855591	0.20673413574696	-0.11650953441858
2.6250000000000	0.20560683310032	-0.11843840032816
2.6300001144409	0.20444519817829	-0.12034214287996
2.6349999904633	0.20324999094009	-0.12221989780664
2.6400001049042	0.20202204585075	-0.12407075613737
2.6449999809265	0.20076209306717	-0.12589393556118
2.6500000953674	0.19947102665901	-0.12768860161304
2.6549999713898	0.19814965128899	-0.12945407629013
2.6600000858307	0.19679889082909	-0.13118954002857
2.6649999618530	0.19541960954666	-0.13289423286915
2.6700000762939	0.19401268661022	-0.13456767797470
2.6749999523163	0.19257909059525	-0.13620902597904
2.6800000667572	0.19111976027489	-0.13781774044037
2.6849999427795	0.18963553011417	-0.13939341902733
2.6900000572205	0.18812757730484	-0.14093519747257
2.6949999332428	0.18659667670727	-0.14244286715984
2.7000000476837	0.18504384160042	-0.14391578733921
2.7049999237061	0.18347007036209	-0.14535363018513
2.7100000381470	0.18187646567822	-0.14675576984882
2.7149999141693	0.18026393651962	-0.14812196791172
2.7200000286102	0.17863346636295	-0.14945191144943
2.7249999046326	0.17698612809181	-0.15074521303177
2.7300000190735	0.17532290518284	-0.15200158953667
2.7349998950958	0.17364487051964	-0.15322072803974
2.7400000095367	0.17195300757885	-0.15440243482590
2.7449998855591	0.17024837434292	-0.15554653108120
2.7500000000000	0.16853189468384	-0.15665288269520
2.7550001144409	0.16680477559566	-0.15772123634815
2.7599999904633	0.16506801545620	-0.15875147283077
2.7650001049042	0.16332253813744	-0.15974366664886
2.7699999809265	0.16156946122646	-0.16069762408733
2.7750000953674	0.15980970859528	-0.16161341965199
2.7799999713898	0.15804454684258	-0.16249093413353
2.7850000858307	0.15627466142178	-0.16333040595055
2.7899999618530	0.15450139343739	-0.16413170099258
2.7950000762939	0.15272553265095	-0.16489504277706
2.7999999523163	0.15094822645187	-0.16562050580978
2.8050000667572	0.14917038381100	-0.16630828380585
2.8099999427795	0.14739304780960	-0.16695857048035
2.8150000572205	0.14561717212200	-0.16757158935070
2.8199999332428	0.14384374022484	-0.16814754903316
2.8250000476837	0.14207372069359	-0.16868679225445
2.8299999237061	0.14030805230141	-0.16918958723545
2.8350000381470	0.13854768872261	-0.16965629160404
2.8399999141693	0.13679352402687	-0.17008727788925
2.8450000286102	0.13504645228386	-0.17048290371895
2.8499999046326	0.13330739736557	-0.17084366083145
2.8550000190735	0.13157723844051	-0.17116993665695
2.8599998950958	0.12985679507256	-0.17146225273609
2.8650000095367	0.12814684212208	-0.17172108590603
2.8699998855591	0.12644828855991	-0.17194700241089
2.8750000000000	0.12476184964180	-0.17214052379131
2.8800001144409	0.12308832257986	-0.17230220139027
2.8849999904633	0.12142838537693	-0.17243270576000
2.8900001049042	0.11978280544281	-0.17253257334232
2.8949999809265	0.11815220862627	-0.17260248959064
2.9000000953674	0.11653730273247	-0.17264311015606
2.9049999713898	0.11493866145611	-0.17265507578850
2.9100000858307	0.11335691809654	-0.17263910174370
2.9149999618530	0.11179260909557	-0.17259585857391
2.9200000762939	0.11024627834558	-0.17252604663372
2.9249999523163	0.10871841758490	-0.17243044078350
2.9300000667572	0.10720954090357	-0.17230969667435
2.9349999427795	0.10572002083063	-0.17216461896896
2.9400000572205	0.10425031930208	-0.17199593782425
2.9449999332428	0.10280082374811	-0.17180432379246
2.9500000476837	0.10137182474136	-0.17159061133862
2.9549999237061	0.099963694810867	-0.17135550081730
2.9600000381470	0.098576731979847	-0.17109975218773
2.9649999141693	0.097211152315140	-0.17082408070564
2.9700000286102	0.095867201685905	-0.17052926123142
2.9749999046326	0.094545111060143	-0.17021597921848
2.9800000190735	0.093244999647141	-0.16988502442837
2.9849998950958	0.091967083513737	-0.16953706741333
2.9900000095367	0.090711459517479	-0.16917276382446
2.9949998855591	0.089478217065334	-0.16879293322563
3.0000000000000	0.088267460465431	-0.16839815676212
3.0050001144409	0.087079271674156	-0.16798910498619
3.0099999904633	0.085913620889187	-0.16756650805473
3.0150001049042	0.084770575165749	-0.16713096201420
3.0199999809265	0.083650171756744	-0.16668307781219
3.0250000953674	0.082552336156368	-0.16622351109982
3.0299999713898	0.081477068364620	-0.16575282812119
3.0350000858307	0.080424331128597	-0.16527162492275
3.0399999618530	0.079394079744816	-0.16478046774864
3.0450000762939	0.078386269509792	-0.16427989304066
3.0499999523163	0.077400803565979	-0.16377045214176
3.0550000667572	0.076437614858150	-0.16325266659260
3.0599999427795	0.075496658682823	-0.16272702813148
3.0650000572205	0.074577808380127	-0.16219405829906
3.0699999332428	0.073680981993675	-0.16165418922901
3.0750000476837	0.072806097567081	-0.16110794246197
3.0799999237061	0.071953065693378	-0.16055575013161
3.0850000381470	0.071121767163277	-0.15999804437160
3.0899999141693	0.070312134921551	-0.15943528711796
3.0950000286102	0.069524034857750	-0.15886789560318
3.0999999046326	0.068757422268391	-0.15829624235630
3.1050000190735	0.068012163043022	-0.15772081911564
3.1099998950958	0.067288175225258	-0.15714193880558
3.1150000095367	0.066585376858711	-0.15656006336212
3.1199998855591	0.065903656184673	-0.15597559511662
3.1250000000000	0.065242931246758	-0.15538886189461
3.1300001144409	0.064603120088577	-0.15480028092861
3.1349999904633	0.063984148204327	-0.15421026945114
3.1400001049042	0.063385896384716	-0.15361918509007
3.1449999809265	0.062808297574520	-0.15302741527557
3.1500000953674	0.062251258641481	-0.15243531763554
3.1549999713898	0.061714652925730	-0.15184332430363
3.1600000858307	0.061198439449072	-0.15125180780888
3.1649999618530	0.060702495276928	-0.15066114068031
3.1700000762939	0.060226757079363	-0.15007172524929
3.1749999523163	0.059771046042442	-0.14948397874832
3.1800000667572	0.059335313737392	-0.14889827370644
3.1849999427795	0.058919444680214	-0.14831499755383
3.1900000572205	0.058523297309875	-0.14773458242416
3.1949999332428	0.058146726340055	-0.14715743064880
3.2000000476837	0.057789623737335	-0.14658388495445
3.2049999237061	0.057451836764812	-0.14601443707943
3.2100000381470	0.057133190333843	-0.14544945955276
3.2149999141693	0.056833535432816	-0.14488933980465
3.2200000286102	0.056552693247795	-0.14433449506760
3.2249999046326	0.056290462613106	-0.14378535747528
3.2300000190735	0.056046657264233	-0.14324229955673
3.2349998950958	0.055821035057306	-0.14270572364330
3.2400000095367	0.055613383650780	-0.14217604696751
3.2449998855591	0.055423483252525	-0.14165362715721
3.2500000000000	0.055251058191061	-0.14113889634609
3.2550001144409	0.055095840245485	-0.14063219726086
3.2599999904633	0.054957572370768	-0.14013388752937
3.2650001049042	0.054835986346006	-0.13964436948299
3.2699999809265	0.054730717092752	-0.13916397094727
3.2750000953674	0.054641507565975	-0.13869303464890
3.2799999713898	0.054568022489548	-0.13823190331459
3.2850000858307	0.054509930312634	-0.13778088986874
3.2899999618530	0.054466899484396	-0.13734030723572
3.2950000762939	0.054438579827547	-0.13691043853760
3.2999999523163	0.054424591362476	-0.13649153709412
3.3050000667572	0.054424621164799	-0.13608391582966
3.3099999427795	0.054438278079033	-0.13568776845932
3.3150000572205	0.054465185850859	-0.13530340790749
3.3199999332428	0.054504979401827	-0.13493098318577
3.3250000476837	0.054557282477617	-0.13457071781158
3.3299999237061	0.054621726274490	-0.13422280550003
3.3350000381470	0.054697930812836	-0.13388741016388
3.3399999141693	0.054785549640656	-0.13356469571590
3.3450000286102	0.054884180426598	-0.13325479626656
3.3499999046326	0.054993461817503	-0.13295786082745
3.3550000190735	0.055113051086664	-0.13267399370670
3.3599998950958	0.055242594331503	-0.13240328431129
3.3650000095367	0.055381700396538	-0.13214583694935
3.3699998855591	0.055530063807964	-0.13190174102783
3.3750000000000	0.055687353014946	-0.13167107105255
3.3800001144409	0.055853206664324	-0.13145388662815
3.3849999904633	0.056027337908745	-0.13125023245811
3.3900001049042	0.056209441274405	-0.13106013834476
3.3949999809265	0.056399200111628	-0.13088366389275
3.4000000953674	0.056596312671900	-0.13072086870670
3.4049999713898	0.056800540536642	-0.13057176768780
3.4100000858307	0.057011578232050	-0.13043634593487
3.4149999618530	0.057229153811932	-0.13031470775604
3.4200000762939	0.057453051209450	-0.13020685315132
3.4249999523163	0.057683002203703	-0.13011279702187
3.4300000667572	0.057918779551983	-0.13003258407116
3.4349999427795	0.058160118758678	-0.12996627390385
3.4400000572205	0.058406844735146	-0.12991382181644
3.4449999332428	0.058658689260483	-0.12987536191940
3.4500000476837	0.058915469795465	-0.12985089421272
3.4549999237061	0.059176947921515	-0.12984049320221
3.4600000381470	0.059442922472954	-0.12984420359135
3.4649999141693	0.059713222086430	-0.12986207008362
3.4700000286102	0.059987556189299	-0.12989416718483
3.4749999046326	0.060265786945820	-0.12994061410427
3.4800000190735	0.060547664761543	-0.13000145554543
3.4849998950958	0.060832988470793	-0.13007676601410
3.4900000095367	0.061121501028538	-0.13016666471958
3.4949998855591	0.061413038522005	-0.13027124106884
3.5000000000000	0.061707321554422	-0.13039058446884
3.5050001144409	0.062004100531340	-0.13052481412888
3.5099999904633	0.062303159385920	-0.13067403435707
3.5150001049042	0.062604218721390	-0.13083834946156
3.5199999809265	0.062907055020332	-0.13101787865162
3.5250000953674	0.063211306929588	-0.13121271133423
3.5299999713898	0.063516736030579	-0.13142301142216
3.5350000858307	0.063823051750660	-0.13164879381657
3.5399999618530	0.064129896461964	-0.13189026713371
3.5450000762939	0.064437009394169	-0.13214744627476
3.5499999523163	0.064744003117085	-0.13242048025131
3.5550000667572	0.065050534904003	-0.13270941376686
3.5599999427795	0.065356276929379	-0.13301433622837
3.5650000572205	0.065660841763020	-0.13333529233932
3.5699999332428	0.065963856875896	-0.13367238640785
3.5750000476837	0.066264927387238	-0.13402561843395
3.5799999237061	0.066563673317432	-0.13439504802227
3.5850000381470	0.066859669983387	-0.13478064537048
3.5899999141693	0.067152537405491	-0.13518247008324
3.5950000286102	0.067441813647747	-0.13560046255589
3.5999999046326	0.067727133631706	-0.13603459298611
3.6050000190735	0.068008072674274	-0.13648483157158
3.6099998950958	0.068284161388874	-0.13695110380650
3.6150000095367	0.068555004894733	-0.13743330538273
3.6199998855591	0.068820200860500	-0.13793134689331
3.6250000000000	0.069079302251339	-0.13844512403011
3.6300001144409	0.069331906735897	-0.13897448778152
3.6349999904633	0.069577611982822	-0.13951925933361
3.6400001049042	0.069816023111343	-0.14007930457592
3.6449999809265	0.070046693086624	-0.14065441489220
3.6500000953674	0.070269308984280	-0.14124435186386
3.6549999713898	0.070483468472958	-0.14184896647930
3.6600000858307	0.070688806474209	-0.14246797561646
3.6649999618530	0.070884987711906	-0.14310115575790
3.6700000762939	0.071071654558182	-0.14374822378159
3.6749999523163	0.071248494088650	-0.14440892636776
3.6800000667572	0.071415230631828	-0.14508301019669
3.6849999427795	0.071571573615074	-0.14577010273933
3.6900000572205	0.071717195212841	-0.14647005498409
3.6949999332428	0.071851916611195	-0.14718241989613
3.7000000476837	0.071975417435169	-0.14790700376034
3.7049999237061	0.072087548673153	-0.14864346385002
3.7100000381470	0.072188057005405	-0.14939150214195
3.7149999141693	0.072276756167412	-0.15015083551407
3.7200000286102	0.072353467345238	-0.15092112123966
3.7249999046326	0.072418063879013	-0.15170209109783
3.7300000190735	0.072470352053642	-0.15249347686768
3.7349998950958	0.072510205209255	-0.15329495072365
3.7400000095367	0.072537526488304	-0.15410625934601
3.7449998855591	0.072552144527435	-0.15492713451385
3.7500000000000	0.072554029524326	-0.15575727820396
3.7550001144409	0.072543032467365	-0.15659649670124
3.7599999904633	0.072519056499004	-0.15744449198246
3.7650001049042	0.072482034564018	-0.15830108523369
3.7699999809265	0.072431899607182	-0.15916599333286
3.7750000953674	0.072368554770947	-0.16003902256489
3.7799999713898	0.072291925549507	-0.16092000901699
3.7850000858307	0.072201922535896	-0.16180871427059
3.7899999618530	0.072098486125469	-0.16270494461060
3.7950000762939	0.071981526911259	-0.16360855102539
3.7999999523163	0.071850948035717	-0.16451935470104
3.8050000667572	0.071706667542458	-0.16543719172478
3.8099999427795	0.071548566222191	-0.16636192798615
3.8150000572205	0.071376524865627	-0.16729339957237
3.8199999332428	0.071190476417542	-0.16823141276836
3.8250000476837	0.070990271866322	-0.16917584836483
3.8299999237061	0.070775769650936	-0.17012661695480
3.8350000381470	0.070546843111515	-0.17108348011971
3.8399999141693	0.070303320884705	-0.17204630374908
3.8450000286102	0.070045068860054	-0.17301499843597
3.8499999046326	0.069771870970726	-0.17398935556412
3.8550000190735	0.069483608007431	-0.17496918141842
3.8599998950958	0.069180034101009	-0.17595435678959
3.8650000095367	0.068861000239849	-0.17694464325905
3.8699998855591	0.068526268005371	-0.17793990671635
3.8750000000000	0.068175613880157	-0.17893987894058
3.8800001144409	0.067808866500854	-0.17994436621666
3.8849999904633	0.067425802350044	-0.18095313012600
3.8900001049042	0.067026197910309	-0.18196590244770
3.8949999809265	0.066609799861908	-0.18298241496086
3.9000000953674	0.066176414489746	-0.18400239944458
3.9049999713898	0.065725840628147	-0.18502552807331
3.9100000858307	0.065257847309113	-0.18605150282383
3.9149999618530	0.064772240817547	-0.18707992136478
3.9200000762939	0.064268782734871	-0.18811051547527
3.9249999523163	0.063747338950634	-0.18914286792278
3.9300000667572	0.063207745552063	-0.19017656147480
3.9349999427795	0.062649779021740	-0.19121123850346
3.9400000572205	0.062073443084955	-0.19224639236927
3.9449999332428	0.061478395015001	-0.19328169524670
3.9500000476837	0.060864634811878	-0.19431664049625
3.9549999237061	0.060232073068619	-0.19535075128078
3.9600000381470	0.059580605477095	-0.19638359546661
3.9649999141693	0.058910161256790	-0.19741468131542
3.9700000286102	0.058220874518156	-0.19844348728657
3.9749999046326	0.057512588799000	-0.19946958124638
3.9800000190735	0.056785408407450	-0.20049239695072
3.9849998950958	0.056039348244667	-0.20151151716709
3.9900000095367	0.055274449288845	-0.20252642035484
3.9949998855591	0.054490823298693	-0.20353662967682
4.0000000000000	0.053688690066338	-0.20454162359238
4.0050001144409	0.052868135273457	-0.20554094016552
4.0100002288818	0.052029207348824	-0.20653417706490
4.0149998664856	0.051172278821468	-0.20752078294754
4.0199999809265	0.050297483801842	-0.20850042998791
4.0250000953674	0.049405138939619	-0.20947261154652
4.0300002098083	0.048495419323444	-0.21043692529202
4.0349998474121	0.047568511217833	-0.21139307320118
4.0399999618530	0.046624887734652	-0.21234059333801
4.0450000762939	0.045664645731449	-0.21327917277813
4.0500001907349	0.044688269495964	-0.21420849859715
4.0549998283386	0.043696008622646	-0.21512827277184
4.0599999427795	0.042688243091106	-0.21603819727898
4.0650000572205	0.041665144264698	-0.21693807840347
4.0700001716614	0.040627207607031	-0.21782761812210
4.0749998092651	0.039574760943651	-0.21870660781860
4.0799999237061	0.038507983088493	-0.21957494318485
4.0850000381470	0.037427298724651	-0.22043241560459
4.0900001525879	0.036333162337542	-0.22127887606621
4.0949997901917	0.035225659608841	-0.22211423516273
4.0999999046326	0.034105133265257	-0.22293840348721
4.1050000190735	0.032971896231174	-0.22375127673149
4.1100001335144	0.031826313585043	-0.22455279529095
4.1149997711182	0.030668640509248	-0.22534289956093
4.1199998855591	0.029498917981982	-0.22612158954144
4.1250000000000	0.028317641466856	-0.22688879072666
4.1300001144409	0.027124840766191	-0.22764451801777
4.1350002288818	0.025920704007149	-0.22838875651360
4.1399998664856	0.024705372750759	-0.22912150621414
4.1449999809265	0.023479174822569	-0.22984272241592
4.1500000953674	0.022242110222578	-0.23055239021778
4.1550002098083	0.020994286984205	-0.23125056922436
4.1599998474121	0.019735811278224	-0.23193715512753
4.1649999618530	0.018466793000698	-0.23261217772961
4.1700000762939	0.017187196761370	-0.23327557742596
4.1750001907349	0.015897296369076	-0.23392726480961
4.1799998283386	0.014596882276237	-0.23456721007824
4.1849999427795	0.013286122120917	-0.23519533872604
4.1900000572205	0.011964944191277	-0.23581151664257
4.1950001716614	0.010633457452059	-0.23641569912434
4.1999998092651	0.0092915380373597	-0.23700766265392
4.2049999237061	0.0079393759369850	-0.23758727312088
4.2100000381470	0.0065768817439675	-0.23815438151360
4.2150001525879	0.0052039944566786	-0.23870876431465
4.2199997901917	0.0038208262994885	-0.23925021290779
4.2249999046326	0.0024273807648569	-0.23977850377560
4.2300000190735	0.0010236628586426	-0.24029333889484
4.2350001335144	-0.00039017375092953	-0.24079445004463
4.2399997711182	-0.0018141423352063	-0.24128156900406
4.2449998855591	-0.0032481346279383	-0.24175436794758
4.2500000000000	-0.0046920664608479	-0.24221251904964
4.2550001144409	-0.0061457324773073	-0.24265567958355
4.2600002288818	-0.0076090330258012	-0.24308352172375
4.2649998664856	-0.0090817185118794	-0.24349568784237
4.2699999809265	-0.010563647374511	-0.24389180541039
4.2750000953674	-0.012054553255439	-0.24427157640457
4.2800002098083	-0.013554077595472	-0.24463455379009
4.2849998474121	-0.015062023885548	-0.24498046934605
4.2899999618530	-0.016578016802669	-0.24530890583992
4.2950000762939	-0.018101671710610	-0.24561959505081
4.3000001907349	-0.019632659852505	-0.24591217935085
4.3049998283386	-0.021170463413000	-0.24618637561798
4.3099999427795	-0.022714709863067	-0.24644191563129
4.3150000572205	-0.024264868348837	-0.24667850136757
4.3200001716614	-0.025820504873991	-0.24689592421055
4.3249998092651	-0.027381021529436	-0.24709402024746
4.3299999237061	-0.028945911675692	-0.24727255105972
4.3350000381470	-0.030514666810632	-0.24743142724037
4.3400001525879	-0.032086655497551	-0.24757054448128
4.3449997901917	-0.033661317080259	-0.24768981337547
4.3499999046326	-0.035238076001406	-0.24778918921947
4.3550000190735	-0.036816321313381	-0.24786874651909
4.3600001335144	-0.038395483046770	-0.24792852997780
4.3649997711182	-0.039974983781576	-0.24796855449677
4.3699998855591	-0.041554216295481	-0.24798902869225
4.3750000000000	-0.043132670223713	-0.24799010157585
4.3800001144409	-0.044709786772728	-0.24797198176384
4.3850002288818	-0.046285018324852	-0.24793493747711
4.3899998664856	-0.047857873141766	-0.24787917733192
4.3949999809265	-0.049427893012762	-0.24780508875847
4.4000000953674	-0.050994642078876	-0.24771298468113
4.4050002098083	-0.052557650953531	-0.24760322272778
4.4099998474121	-0.054116606712341	-0.24747623503208
4.4149999618530	-0.055671177804470	-0.24733240902424
4.4200000762939	-0.057220980525017	-0.24717219173908
4.4250001907349	-0.058765884488821	-0.24699600040913
4.4299998283386	-0.060305617749691	-0.24680432677269
4.4349999427795	-0.061840061098337	-0.24659758806229
4.4400000572205	-0.063369028270245	-0.24637627601624
4.4450001716614	-0.064892508089542	-0.24614079296589
4.4499998092651	-0.066410504281521	-0.24589161574841
4.4549999237061	-0.067922927439213	-0.24562916159630
4.4600000381470	-0.069429926574230	-0.24535381793976
4.4650001525879	-0.070931605994701	-0.24506595730782
4.4699997901917	-0.072428040206432	-0.24476596713066
4.4749999046326	-0.073919489979744	-0.24445417523384
4.4800000190735	-0.075406067073345	-0.24413082003593
4.4850001335144	-0.076888076961040	-0.24379615485668
4.4899997711182	-0.078365765511990	-0.24345035851002
4.4949998855591	-0.079839423298836	-0.24309363961220
4.5000000000000	-0.081309348344803	-0.24272602796555
4.5050001144409	-0.082775801420212	-0.24234762787819
4.5100002288818	-0.084239125251770	-0.24195836484432
4.5149998664856	-0.085699640214443	-0.24155826866627
4.5199999809265	-0.087157629430294	-0.24114719033241
4.5250000953674	-0.088613331317902	-0.24072498083115
4.5300002098083	-0.090067066252232	-0.24029137194157
4.5349998474121	-0.091519109904766	-0.23984615504742
4.5399999618530	-0.092969611287117	-0.23938895761967
4.5450000762939	-0.094418771564960	-0.23891943693161
4.5500001907349	-0.095866709947586	-0.23843720555305
4.5549998283386	-0.097313486039639	-0.23794175684452
4.5599999427795	-0.098759189248085	-0.23743268847466
4.5650000572205	-0.10020371526480	-0.23690941929817
4.5700001716614	-0.10164705663919	-0.23637139797211
4.5749998092651	-0.10308902710676	-0.23581808805466
4.5799999237061	-0.10452945530415	-0.23524890840054
4.5850000381470	-0.10596793889999	-0.23466329276562
4.5900001525879	-0.10740422457457	-0.23406060039997
4.5949997901917	-0.10883776098490	-0.23344032466412
4.5999999046326	-0.11026811599731	-0.23280183970928
4.6050000190735	-0.11169470101595	-0.23214466869831
4.6100001335144	-0.11311690509319	-0.23146826028824
4.6149997711182	-0.11453384906054	-0.23077216744423
4.6199998855591	-0.11594483256340	-0.23005594313145
4.6250000000000	-0.11734901368618	-0.22931919991970
4.6300001144409	-0.11874534189701	-0.22856169939041
4.6350002288818	-0.12013293802738	-0.22778312861919
4.6399998664856	-0.12151069939137	-0.22698333859444
4.6449999809265	-0.12287758290768	-0.22616219520569
4.6500000953674	-0.12423244118690	-0.22531975805759
4.6550002098083	-0.12557400763035	-0.22445607185364
4.6599998474121	-0.12690122425556	-0.22357136011124
4.6649999618530	-0.12821285426617	-0.22266583144665
4.6700000762939	-0.12950764596462	-0.22173993289471
4.6750001907349	-0.13078433275223	-0.22079412639141
4.6799998283386	-0.13204179704189	-0.21982900798321
4.6849999427795	-0.13327880203724	-0.21884526312351
4.6900000572205	-0.13449421525002	-0.21784374117851
4.6950001716614	-0.13568693399429	-0.21682529151440
4.6999998092651	-0.13685578107834	-0.21579101681709
4.7049999237061	-0.13799986243248	-0.21474203467369
4.7100000381470	-0.13911822438240	-0.21367946267128
4.7150001525879	-0.14020985364914	-0.21260476112366
4.7199997901917	-0.14127415418625	-0.21151922643185
4.7249999046326	-0.14231033623219	-0.21042439341545
4.7300000190735	-0.14331786334515	-0.20932178199291
4.7350001335144	-0.14429621398449	-0.20821304619312
4.7399997711182	-0.14524506032467	-0.20709988474846
4.7449998855591	-0.14616420865059	-0.20598404109478
4.7500000000000	-0.14705348014832	-0.20486728847027
4.7550001144409	-0.14791299402714	-0.20375134050846
4.7600002288818	-0.14874294400215	-0.20263807475567
4.7649998664856	-0.14954359829426	-0.20152933895588
4.7699999809265	-0.15031538903713	-0.20042692124844
4.7750000953674	-0.15105898678303	-0.19933260977268
4.7800002098083	-0.15177516639233	-0.19824817776680
4.7849998474121	-0.15246468782425	-0.19717536866665
4.7899999618530	-0.15312878787518	-0.19611574709415
4.7950000762939	-0.15376850962639	-0.19507099688053
4.8000001907349	-0.15438504517078	-0.19404271245003
4.8049998283386	-0.15498012304306	-0.19303208589554
4.8099999427795	-0.15555506944656	-0.19204063713551
4.8150000572205	-0.15611158311367	-0.19106946885586
4.8200001716614	-0.15665143728256	-0.19011972844601
4.8249998092651	-0.15717650949955	-0.18919229507446
4.8299999237061	-0.15768872201443	-0.18828797340393
4.8350000381470	-0.15819008648396	-0.18740749359131
4.8400001525879	-0.15868268907070	-0.18655124306679
4.8449997901917	-0.15916860103607	-0.18571965396404
4.8499999046326	-0.15964999794960	-0.18491281569004
4.8550000190735	-0.16012899577618	-0.18413078784943
4.8600001335144	-0.16060790419579	-0.18337327241898
4.8649997711182	-0.16108869016171	-0.18264009058475
4.8699998855591	-0.16157357394695	-0.18193061649799
4.8750000000000	-0.16206467151642	-0.18124416470528
4.8800001144409	-0.16256397962570	-0.18057985603809
4.8850002288818	-0.16307346522808	-0.17993669211864
4.8899998664856	-0.16359503567219	-0.17931348085403
4.8949999809265	-0.16413038969040	-0.17870892584324
4.9000000953674	-0.16468141973019	-0.17812140285969
4.9050002098083	-0.16524945199490	-0.17754942178726
4.9099998474121	-0.16583603620529	-0.17699120938778
4.9149999618530	-0.16644237935543	-0.17644490301609
4.9200000762939	-0.16706974804401	-0.17590846121311
4.9250001907349	-0.16771894693375	-0.17537996172905
4.9299998283386	-0.16839082539082	-0.17485724389553
4.9349999427795	-0.16908606886864	-0.17433804273605
4.9400000572205	-0.16980507969856	-0.17382018268108
4.9450001716614	-0.17054809629917	-0.17330142855644
4.9499998092651	-0.17131520807743	-0.17277944087982
4.9549999237061	-0.17210629582405	-0.17225199937820
4.9600000381470	-0.17292107641697	-0.17171677947044
4.9650001525879	-0.17375907301903	-0.17117159068584
4.9699997901917	-0.17461951076984	-0.17061428725719
4.9749999046326	-0.17550168931484	-0.17004270851612
4.9800000190735	-0.17640453577042	-0.16945479810238
4.9850001335144	-0.17732687294483	-0.16884863376617
4.9899997711182	-0.17826732993126	-0.16822238266468
4.9949998855591	-0.17922453582287	-0.16757425665855
5.0000000000000	-0.18019677698612	-0.16690273582935
5.0050001144409	-0.18118235468864	-0.16620633006096
5.0100002288818	-0.18217940628529	-0.16548371315002
5.0149998664856	-0.18318602442741	-0.16473384201527
5.0199999809265	-0.18420015275478	-0.16395553946495
5.0250000953674	-0.18521969020367	-0.16314817965031
5.0300002098083	-0.18624255061150	-0.16231104731560
5.0349998474121	-0.18726646900177	-0.16144371032715
5.0399999618530	-0.18828925490379	-0.16054588556290
5.0450000762939	-0.18930876255035	-0.15961749851704
5.0500001907349	-0.19032268226147	-0.15865871310234
5.0549998283386	-0.19132891297340	-0.15766964852810
5.0599999427795	-0.19232526421547	-0.15665094554424
5.0650000572205	-0.19330969452858	-0.15560309588909
5.0700001716614	-0.19428011775017	-0.15452699363232
5.0749998092651	-0.19523471593857	-0.15342344343662
5.0799999237061	-0.19617156684399	-0.15229375660419
5.0850000381470	-0.19708895683289	-0.15113900601864
5.0900001525879	-0.19798517227173	-0.14996075630188
5.0949997901917	-0.19885896146297	-0.14876024425030
5.0999999046326	-0.19970880448818	-0.14753930270672
5.1050000190735	-0.20053356885910	-0.14629955589771
5.1100001335144	-0.20133231580257	-0.14504264295101
5.1149997711182	-0.20210395753384	-0.14377062022686
5.1199998855591	-0.20284786820412	-0.14248533546925
5.1250000000000	-0.20356364548206	-0.14118853211403
5.1300001144409	-0.20425064861774	-0.13988249003887
5.1350002288818	-0.20490886271000	-0.13856880366802
5.1399998664856	-0.20553819835186	-0.13724973797798
5.1449999809265	-0.20613868534565	-0.13592712581158
5.1500000953674	-0.20671066641808	-0.13460282981396
5.1550002098083	-0.20725475251675	-0.13327847421169
5.1599998474121	-0.20777122676373	-0.13195630908012
5.1649999618530	-0.20826099812984	-0.13063767552376
5.1700000762939	-0.20872493088245	-0.12932421267033
5.1750001907349	-0.20916397869587	-0.12801751494408
5.1799998283386	-0.20957931876183	-0.12671883404255
5.1849999427795	-0.20997209846973	-0.12542957067490
5.1900000572205	-0.21034349501133	-0.12415102869272
5.1950001716614	-0.21069505810738	-0.12288396060467
5.1999998092651	-0.21102817356586	-0.12162931263447
5.2049999237061	-0.21134428679943	-0.12038783729076
5.2100000381470	-0.21164503693581	-0.11916001886129
5.2150001525879	-0.21193176507950	-0.11794660240412
5.2199997901917	-0.21220624446869	-0.11674745380878
5.2249999046326	-0.21246990561485	-0.11556299030781
5.2300000190735	-0.21272437274456	-0.11439303308725
5.2350001335144	-0.21297097206116	-0.11323764920235
5.2399997711182	-0.21321137249470	-0.11209630221128
5.2449998855591	-0.21344681084156	-0.11096879839897
5.2500000000000	-0.21367861330509	-0.10985454916954
5.2550001144409	-0.21390819549561	-0.10875268280506
5.2600002288818	-0.21413654088974	-0.10766270756721
5.2649998664856	-0.21436473727226	-0.10658377408981
5.2699999809265	-0.21459382772446	-0.10551469027996
5.2750000953674	-0.21482454240322	-0.10445470362902
5.2800002098083	-0.21505764126778	-0.10340261459351
5.2849998474121	-0.21529376506805	-0.10235733538866
5.2899999618530	-0.21553334593773	-0.10131762921810
5.2950000762939	-0.21577668190002	-0.10028243809938
5.3000001907349	-0.21602396667004	-0.099250651896000
5.3049998283386	-0.21627546846867	-0.098220735788345
5.3099999427795	-0.21653091907501	-0.097191929817200
5.3150000572205	-0.21679027378559	-0.096162892878056
5.3200001716614	-0.21705323457718	-0.095132507383823
5.3249998092651	-0.21731945872307	-0.094099633395672
5.3299999237061	-0.21758837997913	-0.093063473701477
5.3350000381470	-0.21785941720009	-0.092022955417633
5.3400001525879	-0.21813188493252	-0.090977326035500
5.3449997901917	-0.21840499341488	-0.089925855398178
5.3499999046326	-0.21867796778679	-0.088867753744125
5.3550000190735	-0.21894980967045	-0.087802715599537
5.3600001335144	-0.21921966969967	-0.086730048060417
5.3649997711182	-0.21948650479317	-0.085649549961090
5.3699998855591	-0.21974939107895	-0.084560774266720
5.3750000000000	-0.22000718116760	-0.083463922142982
5.3800001144409	-0.22025892138481	-0.082358829677105
5.3850002288818	-0.22050358355045	-0.081245645880699
5.3899998664856	-0.22074019908905	-0.080124504864216
5.3949999809265	-0.22096781432629	-0.078995749354362
5.4000000953674	-0.22118543088436	-0.077860027551651
5.4050002098083	-0.22139227390289	-0.076717630028725
5.4099998474121	-0.22158747911453	-0.075569398701191
5.4149999618530	-0.22177039086819	-0.074415683746338
5.4200000762939	-0.22194027900696	-0.073257610201836
5.4250001907349	-0.22209665179253	-0.072095900774002
5.4299998283386	-0.22223898768425	-0.070931419730186
5.4349999427795	-0.22236695885658	-0.069765202701092
5.4400000572205	-0.22248023748398	-0.068598195910454
5.4450001716614	-0.22257873415947	-0.067431405186653
5.4499998092651	-0.22266238927841	-0.066265746951103
5.4549999237061	-0.22273120284081	-0.065102398395538
5.4600000381470	-0.22278539836407	-0.063942156732082
5.4650001525879	-0.22282518446445	-0.062786228954792
5.4699997901917	-0.22285094857216	-0.061635501682758
5.4749999046326	-0.22286313772202	-0.060491003096104
5.4800000190735	-0.22286234796047	-0.059353407472372
5.4850001335144	-0.22284920513630	-0.058223534375429
5.4899997711182	-0.22282440960407	-0.057102292776108
5.4949998855591	-0.22278876602650	-0.055990226566792
5.5000000000000	-0.22274319827557	-0.054887756705284
5.5050001144409	-0.22268852591515	-0.053795672953129
5.5100002288818	-0.22262574732304	-0.052714224904776
5.5149998664856	-0.22255586087704	-0.051643647253513
5.5199999809265	-0.22247993946075	-0.050584003329277
5.5250000953674	-0.22239895164967	-0.049535505473614
5.5300002098083	-0.22231389582157	-0.048498276621103
5.5349998474121	-0.22222582995892	-0.047471959143877
5.5399999618530	-0.22213576734066	-0.046456329524517
5.5450000762939	-0.22204466164112	-0.045451145619154
5.5500001907349	-0.22195343673229	-0.044455934315920
5.5549998283386	-0.22186301648617	-0.043470092117786
5.5599999427795	-0.22177413105965	-0.042493045330048
5.5650000572205	-0.22168758511543	-0.041524048894644
5.5700001716614	-0.22160401940346	-0.040562544018030
5.5749998092651	-0.22152401506901	-0.039607360959053
5.5799999237061	-0.22144806385040	-0.038657799363136
5.5850000381470	-0.22137658298016	-0.037712883204222
5.5900001525879	-0.22130987048149	-0.036771539598703
5.5949997901917	-0.22124803066254	-0.035833068192005
5.5999999046326	-0.22119124233723	-0.034896176308393
5.6050000190735	-0.22113941609859	-0.033960074186325
5.6100001335144	-0.22109246253967	-0.033023487776518
5.6149997711182	-0.22105011343956	-0.032085668295622
5.6199998855591	-0.22101207077503	-0.031145645305514
5.6250000000000	-0.22097787261009	-0.030202429741621
5.6300001144409	-0.22094701230526	-0.029255207628012
5.6350002288818	-0.22091886401176	-0.028303150087595
5.6399998664856	-0.22089269757271	-0.027345638722181
5.6449999809265	-0.22086778283119	-0.026381962001324
5.6500000953674	-0.22084331512451	-0.025411512702703
5.6550002098083	-0.22081832587719	-0.024433953687549
5.6599998474121	-0.22079198062420	-0.023448800668120
5.6649999618530	-0.22076322138309	-0.022455839440227
5.6700000762939	-0.22073112428188	-0.021454932168126
5.6750001907349	-0.22069466114044	-0.020445944741368
5.6799998283386	-0.22065283358097	-0.019429022446275
5.6849999427795	-0.22060462832451	-0.018404228612781
5.6900000572205	-0.22054910659790	-0.017371904104948
5.6950001716614	-0.22048529982567	-0.016332404688001
5.6999998092651	-0.22041234374046	-0.015286160632968
5.7049999237061	-0.22032934427261	-0.014233775436878
5.7100000381470	-0.22023557126522	-0.013175870291889
5.7150001525879	-0.22013029456139	-0.012113189324737
5.7199997901917	-0.22001287341118	-0.011046488769352
5.7249999046326	-0.21988277137280	-0.0099767511710525
5.7300000190735	-0.21973955631256	-0.0089047094807029
5.7350001335144	-0.21958288550377	-0.0078315744176507
5.7399997711182	-0.21941249072552	-0.0067580952309072
5.7449998855591	-0.21922825276852	-0.0056854980066419
5.7500000000000	-0.21903012692928	-0.0046146446838975
5.7550001144409	-0.21881820261478	-0.0035467112902552
5.7600002288818	-0.21859267354012	-0.0024826631415635
5.7649998664856	-0.21835385262966	-0.0014235115377232
5.7699999809265	-0.21810214221478	-0.00037015759153292
5.7750000953674	-0.21783801913261	0.00067635200684890
5.7800002098083	-0.21756212413311	0.0017152942018583
5.7849998474121	-0.21727512776852	0.0027458018157631
5.7899999618530	-0.21697780489922	0.0037671278696507
5.7950000762939	-0.21667103469372	0.0047786971554160
5.8000001907349	-0.21635568141937	0.0057799024507403
5.8049998283386	-0.21603277325630	0.0067703542299569
5.8099999427795	-0.21570329368114	0.0077497405000031
5.8150000572205	-0.21536827087402	0.0087177632376552
5.8200001716614	-0.21502883732319	0.0096743982285261
5.8249998092651	-0.21468602120876	0.010619489476085
5.8299999237061	-0.21434092521667	0.011553253047168
5.8350000381470	-0.21399457752705	0.012475915253162
5.8400001525879	-0.21364806592464	0.013387772254646
5.8449997901917	-0.21330237388611	0.014289334416389
5.8499999046326	-0.21295841038227	0.015181123279035
5.8550000190735	-0.21261711418629	0.016063814982772
5.8600001335144	-0.21227927505970	0.016938140615821
5.8649997711182	-0.21194562315941	0.017804941162467
5.8699998855591	-0.21161679923534	0.018665213137865
5.8750000000000	-0.21129335463047	0.019519783556461
5.8800001144409	-0.21097567677498	0.020369740203023
5.8850002288818	-0.21066418290138	0.021216267719865
5.8899998664856	-0.21035900712013	0.022060425952077
5.8949999809265	-0.21006025373936	0.022903280332685
5.9000000953674	-0.20976787805557	0.023746123537421
5.9050002098083	-0.20948176085949	0.024589886888862
5.9099998474121	-0.20920157432556	0.025435985997319
5.9149999618530	-0.20892696082592	0.026285214349627
5.9200000762939	-0.20865736901760	0.027138805016875
5.9250001907349	-0.20839220285416	0.027997758239508
5.9299998283386	-0.20813068747520	0.028862962499261
5.9349999427795	-0.20787201821804	0.029735231772065
5.9400000572205	-0.20761525630951	0.030615353956819
5.9450001716614	-0.20735941827297	0.031503986567259
5.9499998092651	-0.20710341632366	0.032401781529188
5.9549999237061	-0.20684613287449	0.033309053629637
5.9600000381470	-0.20658633112907	0.034226197749376
5.9650001525879	-0.20632286369801	0.035153333097696
5.9699997901917	-0.20605446398258	0.036090612411499
5.9749999046326	-0.20577988028526	0.037038046866655
5.9800000190735	-0.20549789071083	0.037995263934135
5.9850001335144	-0.20520727336407	0.038962092250586
5.9899997711182	-0.20490683615208	0.039938051253557
5.9949998855591	-0.20459544658661	0.040922556072474
6.0000000000000	-0.20427204668522	0.041914895176888
