1.0000000000000	0.022705147042871	0.043321050703526
1.0049999952316	0.022909246385098	0.043545056134462
1.0099999904633	0.023117171600461	0.043773096054792
1.0149999856949	0.023329326882958	0.044004898518324
1.0199999809265	0.023546090349555	0.044240150600672
1.0249999761581	0.023767815902829	0.044478505849838
1.0299999713898	0.023994782939553	0.044719606637955
1.0349999666214	0.024227268993855	0.044963054358959
1.0399999618530	0.024465478956699	0.045208431780338
1.0449999570847	0.024709593504667	0.045455310493708
1.0499999523163	0.024959739297628	0.045703250914812
1.0549999475479	0.025215990841389	0.045951806008816
1.0599999427795	0.025478387251496	0.046200539916754
1.0650000572205	0.025746917352080	0.046448990702629
1.0700000524521	0.026021525263786	0.046696737408638
1.0750000476837	0.026302123442292	0.046943347901106
1.0800000429153	0.026588559150696	0.047188423573971
1.0850000381470	0.026880664750934	0.047431576997042
1.0900000333786	0.027178227901459	0.047672443091869
1.0950000286102	0.027480993419886	0.047910697758198
1.1000000238419	0.027788696810603	0.048146031796932
1.1050000190735	0.028101028874516	0.048378180712461
1.1100000143051	0.028417667374015	0.048606913536787
1.1150000095367	0.028738267719746	0.048832025378942
1.1200000047684	0.029062477871776	0.049053367227316
1.1250000000000	0.029389910399914	0.049270827323198
1.1299999952316	0.029720213264227	0.049484312534332
1.1349999904633	0.030053004622459	0.049693800508976
1.1399999856949	0.030387904495001	0.049899294972420
1.1449999809265	0.030724551528692	0.050100833177567
1.1499999761581	0.031062584370375	0.050298500806093
1.1549999713898	0.031401660293341	0.050492417067289
1.1599999666214	0.031741451472044	0.050682730972767
1.1649999618530	0.032081659883261	0.050869628787041
1.1699999570847	0.032422002404928	0.051053334027529
1.1749999523163	0.032762214541435	0.051234088838100
1.1799999475479	0.033102083951235	0.051412146538496
1.1849999427795	0.033441409468651	0.051587808877230
1.1900000572205	0.033780034631491	0.051761377602816
1.1950000524521	0.034117825329304	0.051933176815510
1.2000000476837	0.034454699605703	0.052103530615568
1.2050000429153	0.034790601581335	0.052272774279118
1.2100000381470	0.035125501453876	0.052441257983446
1.2150000333786	0.035459432750940	0.052609309554100
1.2200000286102	0.035792429000139	0.052777267992496
1.2250000238419	0.036124594509602	0.052945457398891
1.2300000190735	0.036456041038036	0.053114186972380
1.2350000143051	0.036786925047636	0.053283765912056
1.2400000095367	0.037117421627045	0.053454473614693
1.2450000047684	0.037447750568390	0.053626570850611
1.2500000000000	0.037778139114380	0.053800292313099
1.2549999952316	0.038108848035336	0.053975861519575
1.2599999904633	0.038440149277449	0.054153449833393
1.2649999856949	0.038772355765104	0.054333228617907
1.2699999809265	0.039105765521526	0.054515309631824
1.2749999761581	0.039440691471100	0.054699804633856
1.2799999713898	0.039777461439371	0.054886762052774
1.2849999666214	0.040116418153048	0.055076222866774
1.2899999618530	0.040457874536514	0.055268183350563
1.2949999570847	0.040802177041769	0.055462602525949
1.2999999523163	0.041149638593197	0.055659431964159
1.3049999475479	0.041500575840473	0.055858563631773
1.3099999427795	0.041855286806822	0.056059882044792
1.3150000572205	0.042214062064886	0.056263223290443
1.3200000524521	0.042577162384987	0.056468430906534
1.3250000476837	0.042944859713316	0.056675292551517
1.3300000429153	0.043317366391420	0.056883584707975
1.3350000381470	0.043694891035557	0.057093076407909
1.3400000333786	0.044077619910240	0.057303506880999
1.3450000286102	0.044465694576502	0.057514604181051
1.3500000238419	0.044859264045954	0.057726096361876
1.3550000190735	0.045258406549692	0.057937696576118
1.3600000143051	0.045663200318813	0.058149095624685
1.3650000095367	0.046073690056801	0.058360025286674
1.3700000047684	0.046489894390106	0.058570176362991
1.3750000000000	0.046911794692278	0.058779269456863
1.3799999952316	0.047339349985123	0.058987017720938
1.3849999904633	0.047772493213415	0.059193152934313
1.3899999856949	0.048211138695478	0.059397414326668
1.3949999809265	0.048655163496733	0.059599567204714
1.3999999761581	0.049104440957308	0.059799369424582
1.4049999713898	0.049558855593204	0.059996586292982
1.4099999666214	0.050018168985844	0.060191083699465
1.4149999618530	0.050482206046581	0.060382682830095
1.4199999570847	0.050950799137354	0.060571212321520
1.4249999523163	0.051423717290163	0.060756579041481
1.4299999475479	0.051900804042816	0.060938633978367
1.4349999427795	0.052381765097380	0.061117373406887
1.4400000572205	0.052866466343403	0.061292678117752
1.4450000524521	0.053354568779469	0.061464633792639
1.4500000476837	0.053845938295126	0.061633162200451
1.4550000429153	0.054340399801731	0.061798278242350
1.4600000381470	0.054837640374899	0.061960116028786
1.4650000333786	0.055337574332952	0.062118679285049
1.4700000286102	0.055839966982603	0.062274072319269
1.4750000238419	0.056344714015722	0.062426410615444
1.4800000190735	0.056851595640182	0.062575846910477
1.4850000143051	0.057360578328371	0.062722474336624
1.4900000095367	0.057871434837580	0.062866553664207
1.4950000047684	0.058384146541357	0.063008174300194
1.5000000000000	0.058898624032736	0.063147574663162
1.5049999952316	0.059414908289909	0.063284844160080
1.5099999904633	0.059932924807072	0.063420243561268
1.5149999856949	0.060452640056610	0.063553981482983
1.5199999809265	0.060974091291428	0.063686251640320
1.5249999761581	0.061497412621975	0.063817180693150
1.5299999713898	0.062022645026445	0.063946962356567
1.5349999666214	0.062549799680710	0.064075872302055
1.5399999618530	0.063079148530960	0.064203940331936
1.5449999570847	0.063610702753067	0.064331419765949
1.5499999523163	0.064144656062126	0.064458452165127
1.5549999475479	0.064681217074394	0.064585104584694
1.5599999427795	0.065220534801483	0.064711503684521
1.5650000572205	0.065762847661972	0.064837761223316
1.5700000524521	0.066308349370956	0.064963936805725
1.5750000476837	0.066857278347015	0.065090082585812
1.5800000429153	0.067409850656986	0.065216235816479
1.5850000381470	0.067966312170029	0.065342381596565
1.5900000333786	0.068526916205883	0.065468534827232
1.5950000286102	0.069091893732548	0.065594643354416
1.6000000238419	0.069661490619183	0.065720647573471
1.6050000190735	0.070235952734947	0.065846480429173
1.6100000143051	0.070815488696098	0.065972015261650
1.6150000095367	0.071400344371796	0.066097147762775
1.6200000047684	0.071990735828876	0.066221736371517
1.6250000000000	0.072586864233017	0.066345617175102
1.6299999952316	0.073188915848732	0.066468618810177
1.6349999904633	0.073797076940536	0.066590540111065
1.6399999856949	0.074411518871784	0.066711179912090
1.6449999809265	0.075032368302345	0.066830329596996
1.6499999761581	0.075659774243832	0.066947728395462
1.6549999713898	0.076293833553791	0.067063175141811
1.6599999666214	0.076934643089771	0.067176409065723
1.6649999618530	0.077582277357578	0.067287184298038
1.6699999570847	0.078236788511276	0.067395225167274
1.6749999523163	0.078898213803768	0.067500323057175
1.6799999475479	0.079566560685635	0.067602194845676
1.6849999427795	0.080241814255714	0.067700594663620
1.6900000572205	0.080924004316330	0.067795276641846
1.6950000524521	0.081613041460514	0.067886024713516
1.7000000476837	0.082308873534203	0.067972585558891
1.7050000429153	0.083011455833912	0.068054750561714
1.7100000381470	0.083720691502094	0.068132311105728
1.7150000333786	0.084436483681202	0.068205066025257
1.7200000286102	0.085158720612526	0.068272836506367
1.7250000238419	0.085887297987938	0.068335443735123
1.7300000190735	0.086622074246407	0.068392738699913
1.7350000143051	0.087362952530384	0.068444602191448
1.7400000095367	0.088109768927097	0.068490877747536
1.7450000047684	0.088862396776676	0.068531490862370
1.7500000000000	0.089620709419250	0.068566322326660
1.7549999952316	0.090384542942047	0.068595312535763
1.7599999904633	0.091153800487518	0.068618401885033
1.7649999856949	0.091928333044052	0.068635538220406
1.7699999809265	0.092708043754101	0.068646699190140
1.7749999761581	0.093492783606052	0.068651862442493
1.7799999713898	0.094282485544682	0.068651027977467
1.7849999666214	0.095077037811279	0.068644180893898
1.7899999618530	0.095876365900040	0.068631365895271
1.7949999570847	0.096680395305157	0.068612575531006
1.7999999523163	0.097489066421986	0.068587876856327
1.8049999475479	0.098302364349365	0.068557269871235
1.8099999427795	0.099120236933231	0.068520806729794
1.8150000572205	0.099942691624165	0.068478517234325
1.8200000524521	0.10076972097158	0.068430460989475
1.8250000476837	0.10160137712955	0.068376660346985
1.8300000429153	0.10243764519691	0.068317152559757
1.8350000381470	0.10327862203121	0.068251967430115
1.8400000333786	0.10412436723709	0.068181134760380
1.8450000286102	0.10497492551804	0.068104654550552
1.8500000238419	0.10583043843508	0.068022549152374
1.8550000190735	0.10669097304344	0.067934788763523
1.8600000143051	0.10755667835474	0.067841373383999
1.8650000095367	0.10842765122652	0.067742258310318
1.8700000047684	0.10930404812098	0.067637398838997
1.8750000000000	0.11018600314856	0.067526727914810
1.8799999952316	0.11107365787029	0.067410171031952
1.8849999904633	0.11196716129780	0.067287623882294
1.8899999856949	0.11286669224501	0.067158974707127
1.8949999809265	0.11377236247063	0.067024081945419
1.8999999761581	0.11468434333801	0.066882789134979
1.9049999713898	0.11560280621052	0.066734947264194
1.9099999666214	0.11652787774801	0.066580340266228
1.9149999618530	0.11745971441269	0.066418789327145
1.9199999570847	0.11839842051268	0.066250056028366
1.9249999523163	0.11934413015842	0.066073887050152
1.9299999475479	0.12029697746038	0.065890051424503
1.9349999427795	0.12125703692436	0.065698258578777
1.9400000572205	0.12222440540791	0.065498232841492
1.9450000524521	0.12319914996624	0.065289668738842
1.9500000476837	0.12418135255575	0.065072268247604
1.9550000429153	0.12517105042934	0.064845718443394
1.9600000381470	0.12616825103760	0.064609661698341
1.9650000333786	0.12717296183109	0.064363770186901
1.9700000286102	0.12818518280983	0.064107723534107
1.9750000238419	0.12920491397381	0.063841164112091
1.9800000190735	0.13023203611374	0.063563719391823
1.9850000143051	0.13126656413078	0.063275076448917
1.9900000095367	0.13230836391449	0.062974847853184
1.9950000047684	0.13335736095905	0.062662698328495
2.0000000000000	0.13441342115402	0.062338288873434
2.0050001144409	0.13547642529011	0.062001265585423
2.0099999904633	0.13654619455338	0.061651282012463
2.0150001049042	0.13762259483337	0.061288014054298
2.0199999809265	0.13870541751385	0.060911137610674
2.0250000953674	0.13979445397854	0.060520336031914
2.0299999713898	0.14088955521584	0.060115292668343
2.0350000858307	0.14199040830135	0.059695716947317
2.0399999618530	0.14309684932232	0.059261318296194
2.0450000762939	0.14420861005783	0.058811824768782
2.0499999523163	0.14532543718815	0.058346956968307
2.0550000667572	0.14644710719585	0.057866476476192
2.0599999427795	0.14757330715656	0.057370122522116
2.0650000572205	0.14870379865170	0.056857667863369
2.0699999332428	0.14983832836151	0.056328907608986
2.0750000476837	0.15097655355930	0.055783603340387
2.0799999237061	0.15211825072765	0.055221576243639
2.0850000381470	0.15326312184334	0.054642625153065
2.0899999141693	0.15441089868546	0.054046563804150
2.0950000286102	0.15556131303310	0.053433224558830
2.0999999046326	0.15671408176422	0.052802447229624
2.1050000190735	0.15786892175674	0.052154049277306
2.1099998950958	0.15902554988861	0.051487885415554
2.1150000095367	0.16018374264240	0.050803814083338
2.1199998855591	0.16134320199490	0.050101675093174
2.1250000000000	0.16250367462635	0.049381330609322
2.1300001144409	0.16366492211819	0.048642635345459
2.1349999904633	0.16482664644718	0.047885432839394
2.1400001049042	0.16598863899708	0.047109596431255
2.1449999809265	0.16715060174465	0.046314954757690
2.1500000953674	0.16831229627132	0.045501377433538
2.1549999713898	0.16947349905968	0.044668704271317
2.1600000858307	0.17063394188881	0.043816771358252
2.1649999618530	0.17179337143898	0.042945422232151
2.1700000762939	0.17295153439045	0.042054481804371
2.1749999523163	0.17410819232464	0.041143782436848
2.1800000667572	0.17526303231716	0.040213126689196
2.1849999427795	0.17641583085060	0.039262335747480
2.1900000572205	0.17756628990173	0.038291212171316
2.1949999332428	0.17871414124966	0.037299543619156
2.2000000476837	0.17985905706882	0.036287128925323
2.2049999237061	0.18100076913834	0.035253748297691
2.2100000381470	0.18213893473148	0.034199181944132
2.2149999141693	0.18327322602272	0.033123191446066
2.2200000286102	0.18440331518650	0.032025549560785
2.2249999046326	0.18552879989147	0.030906023457646
2.2300000190735	0.18664932250977	0.029764369130135
2.2349998950958	0.18776448071003	0.028600346297026
2.2400000095367	0.18887384235859	0.027413710951805
2.2449998855591	0.18997696042061	0.026204224675894
2.2500000000000	0.19107337296009	0.024971652776003
2.2550001144409	0.19216263294220	0.023715760558844
2.2599999904633	0.19324414432049	0.022436318919063
2.2650001049042	0.19431746006012	0.021133109927177
2.2699999809265	0.19538196921349	0.019805923104286
2.2750000953674	0.19643710553646	0.018454557284713
2.2799999713898	0.19748227298260	0.017078833654523
2.2850000858307	0.19851681590080	0.015678577125072
2.2899999618530	0.19954012334347	0.014253637753427
2.2950000762939	0.20055148005486	0.012803877703846
2.2999999523163	0.20155020058155	0.011329188011587
2.3050000667572	0.20253559947014	0.0098294802010059
2.3099999427795	0.20350688695908	0.0083046872168779
2.3150000572205	0.20446336269379	0.0067547694779932
2.3199999332428	0.20540419220924	0.0051797158084810
2.3250000476837	0.20632863044739	0.0035795469302684
2.3299999237061	0.20723582804203	0.0019543108064681
2.3350000381470	0.20812501013279	0.00030409384635277
2.3399999141693	0.20899529755116	-0.0013709920458496
2.3450000286102	0.20984590053558	-0.0030707968398929
2.3499999046326	0.21067593991756	-0.0047951322048903
2.3550000190735	0.21148455142975	-0.0065437732264400
2.3599998950958	0.21227090060711	-0.0083164628595114
2.3650000095367	0.21303412318230	-0.010112896561623
2.3699998855591	0.21377332508564	-0.011932750232518
2.3750000000000	0.21448771655560	-0.013775639235973
2.3800001144409	0.21517637372017	-0.015641150996089
2.3849999904633	0.21583850681782	-0.017528837546706
2.3900001049042	0.21647322177887	-0.019438209012151
2.3949999809265	0.21707975864410	-0.021368736401200
2.4000000953674	0.21765728294849	-0.023319846019149
2.4049999713898	0.21820497512817	-0.025290956720710
2.4100000858307	0.21872207522392	-0.027281414717436
2.4149999618530	0.21920783817768	-0.029290555045009
2.4200000762939	0.21966148912907	-0.031317669898272
2.4249999523163	0.22008234262466	-0.033362016081810
2.4300000667572	0.22046969830990	-0.035422831773758
2.4349999427795	0.22082288563251	-0.037499316036701
2.4400000572205	0.22114127874374	-0.039590626955032
2.4449999332428	0.22142425179482	-0.041695922613144
2.4500000476837	0.22167123854160	-0.043814312666655
2.4549999237061	0.22188168764114	-0.045944888144732
2.4600000381470	0.22205506265163	-0.048086713999510
2.4649999141693	0.22219090163708	-0.050238858908415
2.4700000286102	0.22228875756264	-0.052400331944227
2.4749999046326	0.22234818339348	-0.054570168256760
2.4800000190735	0.22236880660057	-0.056747339665890
2.4849998950958	0.22235031425953	-0.058930817991495
2.4900000095367	0.22229234874249	-0.061119616031647
2.4949998855591	0.22219461202621	-0.063312634825706
2.5000000000000	0.22205694019794	-0.065508864820004
2.5050001144409	0.22187905013561	-0.067707203328609
2.5099999904633	0.22166080772877	-0.069906607270241
2.5150001049042	0.22140209376812	-0.072106011211872
2.5199999809265	0.22110275924206	-0.074304305016994
2.5250000953674	0.22076277434826	-0.076500415802002
2.5299999713898	0.22038206458092	-0.078693263232708
2.5350000858307	0.21996071934700	-0.080881752073765
2.5399999618530	0.21949866414070	-0.083064809441566
2.5450000762939	0.21899606287479	-0.085241340100765
2.5499999523163	0.21845297515392	-0.087410256266594
2.5550000667572	0.21786956489086	-0.089570499956608
2.5599999427795	0.21724596619606	-0.091720975935459
2.5650000572205	0.21658241748810	-0.093860633671284
2.5699999332428	0.21587912738323	-0.095988377928734
2.5750000476837	0.21513642370701	-0.098103187978268
2.5799999237061	0.21435452997684	-0.10020399838686
2.5850000381470	0.21353380382061	-0.10228977352381
2.5899999141693	0.21267463266850	-0.10435946285725
2.5950000286102	0.21177738904953	-0.10641207545996
2.5999999046326	0.21084250509739	-0.10844656825066
2.6050000190735	0.20987042784691	-0.11046195030212
2.6099998950958	0.20886164903641	-0.11245726794004
2.6150000095367	0.20781670510769	-0.11443150043488
2.6199998855591	0.20673608779907	-0.11638371646404
2.6250000000000	0.20562043786049	-0.11831295490265
2.6300001144409	0.20447029173374	-0.12021828442812
2.6349999904633	0.20328634977341	-0.12209878861904
2.6400001049042	0.20206920802593	-0.12395360320807
2.6449999809265	0.20081962645054	-0.12578178942204
2.6500000953674	0.19953826069832	-0.12758255004883
2.6549999713898	0.19822593033314	-0.12935501337051
2.6600000858307	0.19688339531422	-0.13109830021858
2.6649999618530	0.19551137089729	-0.13281175494194
2.6700000762939	0.19411073625088	-0.13449461758137
2.6749999523163	0.19268241524696	-0.13614594936371
2.6800000667572	0.19122724235058	-0.13776516914368
2.6849999427795	0.18974614143372	-0.13935154676437
2.6900000572205	0.18823997676373	-0.14090448617935
2.6949999332428	0.18670980632305	-0.14242322742939
2.7000000476837	0.18515652418137	-0.14390727877617
2.7049999237061	0.18358114361763	-0.14535611867905
2.7100000381470	0.18198476731777	-0.14676900207996
2.7149999141693	0.18036833405495	-0.14814558625221
2.7200000286102	0.17873303592205	-0.14948527514935
2.7249999046326	0.17707972228527	-0.15078790485859
2.7300000190735	0.17540976405144	-0.15205274522305
2.7349998950958	0.17372407019138	-0.15327964723110
2.7400000095367	0.17202374339104	-0.15446834266186
2.7449998855591	0.17031000554562	-0.15561842918396
2.7500000000000	0.16858395934105	-0.15672969818115
2.7550001144409	0.16684681177139	-0.15780192613602
2.7599999904633	0.16509959101677	-0.15883508324623
2.7650001049042	0.16334350407124	-0.15982899069786
2.7699999809265	0.16157977283001	-0.16078348457813
2.7750000953674	0.15980938076973	-0.16169878840446
2.7799999713898	0.15803360939026	-0.16257469356060
2.7850000858307	0.15625353157520	-0.16341139376163
2.7899999618530	0.15447029471397	-0.16420893371105
2.7950000762939	0.15268510580063	-0.16496743261814
2.7999999523163	0.15089885890484	-0.16568723320961
2.8050000667572	0.14911283552647	-0.16636838018894
2.8099999427795	0.14732809364796	-0.16701124608517
2.8150000572205	0.14554564654827	-0.16761611402035
2.8199999332428	0.14376656711102	-0.16818331182003
2.8250000476837	0.14199182391167	-0.16871324181557
2.8299999237061	0.14022246003151	-0.16920632123947
2.8350000381470	0.13845945894718	-0.16966301202774
2.8399999141693	0.13670372962952	-0.17008376121521
2.8450000286102	0.13495619595051	-0.17046909034252
2.8499999046326	0.13321775197983	-0.17081955075264
2.8550000190735	0.13148926198483	-0.17113569378853
2.8599998950958	0.12977151572704	-0.17141811549664
2.8650000095367	0.12806536257267	-0.17166744172573
2.8699998855591	0.12637148797512	-0.17188429832458
2.8750000000000	0.12469069659710	-0.17206931114197
2.8800001144409	0.12302363663912	-0.17222318053246
2.8849999904633	0.12137097865343	-0.17234654724598
2.8900001049042	0.11973332613707	-0.17244015634060
2.8949999809265	0.11811129748821	-0.17250466346741
2.9000000953674	0.11650544404984	-0.17254078388214
2.9049999713898	0.11491626501083	-0.17254924774170
2.9100000858307	0.11334426701069	-0.17253078520298
2.9149999618530	0.11178991198540	-0.17248609662056
2.9200000762939	0.11025360226631	-0.17241591215134
2.9249999523163	0.10873572528362	-0.17232094705105
2.9300000667572	0.10723669081926	-0.17220191657543
2.9349999427795	0.10575678944588	-0.17205956578255
2.9400000572205	0.10429634898901	-0.17189453542233
2.9449999332428	0.10285563021898	-0.17170760035515
2.9500000476837	0.10143491625786	-0.17149940133095
2.9549999237061	0.10003438591957	-0.17127063870430
2.9600000381470	0.098654322326183	-0.17102196812630
2.9649999141693	0.097294859588146	-0.17075407505035
2.9700000286102	0.095956169068813	-0.17046758532524
2.9749999046326	0.094638407230377	-0.17016316950321
2.9800000190735	0.093341693282127	-0.16984140872955
2.9849998950958	0.092066183686256	-0.16950292885303
2.9900000095367	0.090811960399151	-0.16914834082127
2.9949998855591	0.089579112827778	-0.16877827048302
3.0000000000000	0.088367715477943	-0.16839319467545
3.0050001144409	0.087177850306034	-0.16799376904964
3.0099999904633	0.086009584367275	-0.16758050024509
3.0150001049042	0.084862962365150	-0.16715392470360
3.0199999809265	0.083738029003143	-0.16671460866928
3.0250000953674	0.082634821534157	-0.16626305878162
3.0299999713898	0.081553369760513	-0.16579975187778
3.0350000858307	0.080493770539761	-0.16532525420189
3.0399999618530	0.079455986618996	-0.16483999788761
3.0450000762939	0.078440070152283	-0.16434450447559
3.0499999523163	0.077446036040783	-0.16383926570415
3.0550000667572	0.076473914086819	-0.16332472860813
3.0599999427795	0.075523726642132	-0.16280139982700
3.0650000572205	0.074595503509045	-0.16226972639561
3.0699999332428	0.073689214885235	-0.16173020005226
3.0750000476837	0.072804912924767	-0.16118325293064
3.0799999237061	0.071942597627640	-0.16062939167023
3.0850000381470	0.071102283895016	-0.16006904840469
3.0899999141693	0.070283956825733	-0.15950272977352
3.0950000286102	0.069487608969212	-0.15893086791039
3.0999999046326	0.068713262677193	-0.15835393965244
3.1050000190735	0.067960910499096	-0.15777242183685
3.1099998950958	0.067230507731438	-0.15718677639961
3.1150000095367	0.066522039473057	-0.15659749507904
3.1199998855591	0.065835490822792	-0.15600503981113
3.1250000000000	0.065170817077160	-0.15540990233421
3.1300001144409	0.064527958631516	-0.15481257438660
3.1349999904633	0.063906885683537	-0.15421350300312
3.1400001049042	0.063307493925095	-0.15361319482327
3.1449999809265	0.062729731202126	-0.15301214158535
3.1500000953674	0.062173515558243	-0.15241083502769
3.1549999713898	0.061638746410608	-0.15180973708630
3.1600000858307	0.061125252395868	-0.15120938420296
3.1649999618530	0.060632981359959	-0.15061020851135
3.1700000762939	0.060161750763655	-0.15001274645329
3.1749999523163	0.059711411595345	-0.14941744506359
3.1800000667572	0.059281799942255	-0.14882479608059
3.1849999427795	0.058872733265162	-0.14823526144028
3.1900000572205	0.058484017848969	-0.14764934778214
3.1949999332428	0.058115411549807	-0.14706748723984
3.2000000476837	0.057766728103161	-0.14649014174938
3.2049999237061	0.057437695562840	-0.14591775834560
3.2100000381470	0.057128068059683	-0.14535075426102
3.2149999141693	0.056837595999241	-0.14478962123394
3.2200000286102	0.056565992534161	-0.14423468708992
3.2249999046326	0.056312948465347	-0.14368644356728
3.2300000190735	0.056078188121319	-0.14314521849155
3.2349998950958	0.055861357599497	-0.14261142909527
3.2400000095367	0.055662184953690	-0.14208541810513
3.2449998855591	0.055480308830738	-0.14156754314899
3.2500000000000	0.055315390229225	-0.14105814695358
3.2550001144409	0.055167082697153	-0.14055752754211
3.2599999904633	0.055035032331944	-0.14006601274014
3.2650001049042	0.054918903857470	-0.13958387076855
3.2699999809265	0.054818343371153	-0.13911136984825
3.2750000953674	0.054732952266932	-0.13864879310131
3.2799999713898	0.054662384092808	-0.13819634914398
3.2850000858307	0.054606307297945	-0.13775426149368
3.2899999618530	0.054564315825701	-0.13732273876667
3.2950000762939	0.054536107927561	-0.13690201938152
3.2999999523163	0.054521270096302	-0.13649222254753
3.3050000667572	0.054519511759281	-0.13609352707863
3.3099999427795	0.054530434310436	-0.13570609688759
3.3150000572205	0.054553728550673	-0.13533002138138
3.3199999332428	0.054589074105024	-0.13496549427509
3.3250000476837	0.054636109620333	-0.13461263477802
3.3299999237061	0.054694566875696	-0.13427148759365
3.3350000381470	0.054764118045568	-0.13394218683243
3.3399999141693	0.054844461381435	-0.13362485170364
3.3450000286102	0.054935313761234	-0.13331949710846
3.3499999046326	0.055036392062902	-0.13302627205849
3.3550000190735	0.055147442966700	-0.13274520635605
3.3599998950958	0.055268190801144	-0.13247640430927
3.3650000095367	0.055398356169462	-0.13221992552280
3.3699998855591	0.055537752807140	-0.13197582960129
3.3750000000000	0.055686119943857	-0.13174420595169
3.3800001144409	0.055843241512775	-0.13152512907982
3.3849999904633	0.056008864194155	-0.13131864368916
3.3900001049042	0.056182809174061	-0.13112488389015
3.3949999809265	0.056364826858044	-0.13094390928745
3.4000000953674	0.056554783135653	-0.13077577948570
3.4049999713898	0.056752398610115	-0.13062059879303
3.4100000858307	0.056957520544529	-0.13047850131989
3.4149999618530	0.057169951498508	-0.13034954667091
3.4200000762939	0.057389490306377	-0.13023385405540
3.4249999523163	0.057615928351879	-0.13013157248497
3.4300000667572	0.057849068194628	-0.13004279136658
3.4349999427795	0.058088734745979	-0.12996764481068
3.4400000572205	0.058334685862064	-0.12990629673004
3.4449999332428	0.058586720377207	-0.12985885143280
3.4500000476837	0.058844618499279	-0.12982548773289
3.4549999237061	0.059108175337315	-0.12980632483959
3.4600000381470	0.059377148747444	-0.12980151176453
3.4649999141693	0.059651266783476	-0.12981127202511
3.4700000286102	0.059930332005024	-0.12983568012714
3.4749999046326	0.060214024037123	-0.12987495958805
3.4800000190735	0.060502123087645	-0.12992922961712
3.4849998950958	0.060794308781624	-0.12999865412712
3.4900000095367	0.061090294271708	-0.13008344173431
3.4949998855591	0.061389785259962	-0.13018368184566
3.5000000000000	0.061692412942648	-0.13029956817627
3.5050001144409	0.061997912824154	-0.13043123483658
3.5099999904633	0.062305875122547	-0.13057880103588
3.5150001049042	0.062616005539894	-0.13074237108231
3.5199999809265	0.062927871942520	-0.13092213869095
3.5250000953674	0.063241153955460	-0.13111817836761
3.5299999713898	0.063555441796780	-0.13133054971695
3.5350000858307	0.063870280981064	-0.13155938684940
3.5399999618530	0.064185366034508	-0.13180476427078
3.5450000762939	0.064500212669373	-0.13206666707993
3.5499999523163	0.064814426004887	-0.13234521448612
3.5550000667572	0.065127573907375	-0.13264037668705
3.5599999427795	0.065439231693745	-0.13295219838619
3.5650000572205	0.065748959779739	-0.13328064978123
3.5699999332428	0.066056318581104	-0.13362570106983
3.5750000476837	0.066360861063004	-0.13398730754852
3.5799999237061	0.066662184894085	-0.13436543941498
3.5850000381470	0.066959857940674	-0.13475996255875
3.5899999141693	0.067253425717354	-0.13517080247402
3.5950000286102	0.067542478442192	-0.13559783995152
3.5999999046326	0.067826621234417	-0.13604095578194
3.6050000190735	0.068105421960354	-0.13649997115135
3.6099998950958	0.068378485739231	-0.13697475194931
3.6150000095367	0.068645410239697	-0.13746510446072
3.6199998855591	0.068905830383301	-0.13797082006931
3.6250000000000	0.069159403443336	-0.13849174976349
3.6300001144409	0.069405749440193	-0.13902762532234
3.6349999904633	0.069644540548325	-0.13957817852497
3.6400001049042	0.069875448942184	-0.14014324545860
3.6449999809265	0.070098161697388	-0.14072258770466
3.6500000953674	0.070312395691872	-0.14131587743759
3.6549999713898	0.070517860352993	-0.14192292094231
3.6600000858307	0.070714294910431	-0.14254343509674
3.6649999618530	0.070901438593864	-0.14317715167999
3.6700000762939	0.071079105138779	-0.14382378757000
3.6749999523163	0.071247011423111	-0.14448313415051
3.6800000667572	0.071405008435249	-0.14515486359596
3.6849999427795	0.071552865207195	-0.14583878219128
3.6900000572205	0.071690425276756	-0.14653454720974
3.6949999332428	0.071817517280579	-0.14724199473858
3.7000000476837	0.071933999657631	-0.14796082675457
3.7049999237061	0.072039701044559	-0.14869081974030
3.7100000381470	0.072134532034397	-0.14943173527718
3.7149999141693	0.072218321263790	-0.15018334984779
3.7200000286102	0.072290971875191	-0.15094546973705
3.7249999046326	0.072352364659309	-0.15171787142754
3.7300000190735	0.072402380406857	-0.15250034630299
3.7349998950958	0.072440914809704	-0.15329273045063
3.7400000095367	0.072467871010303	-0.15409484505653
3.7449998855591	0.072483122348785	-0.15490651130676
3.7500000000000	0.072486534714699	-0.15572758018970
3.7550001144409	0.072478070855141	-0.15655790269375
3.7599999904633	0.072457566857338	-0.15739731490612
3.7650001049042	0.072424903512001	-0.15824566781521
3.7699999809265	0.072379961609840	-0.15910285711288
3.7750000953674	0.072322592139244	-0.15996877849102
3.7799999713898	0.072252653539181	-0.16084325313568
3.7850000858307	0.072170026600361	-0.16172619163990
3.7899999618530	0.072074510157108	-0.16261747479439
3.7950000762939	0.071965962648392	-0.16351698338985
3.7999999523163	0.071844182908535	-0.16442456841469
3.8050000667572	0.071708984673023	-0.16534014046192
3.8099999427795	0.071560211479664	-0.16626355051994
3.8150000572205	0.071397595107555	-0.16719464957714
3.8199999332428	0.071220941841602	-0.16813331842422
3.8250000476837	0.071029990911484	-0.16907940804958
3.8299999237061	0.070824570953846	-0.17003273963928
3.8350000381470	0.070604413747787	-0.17099311947823
3.8399999141693	0.070369198918343	-0.17196039855480
3.8450000286102	0.070118792355061	-0.17293436825275
3.8499999046326	0.069852873682976	-0.17391479015350
3.8550000190735	0.069571167230606	-0.17490142583847
3.8599998950958	0.069273427128792	-0.17589405179024
3.8650000095367	0.068959377706051	-0.17689238488674
3.8699998855591	0.068628780543804	-0.17789617180824
3.8750000000000	0.068281382322311	-0.17890505492687
3.8800001144409	0.067916907370090	-0.17991875112057
3.8849999904633	0.067535109817982	-0.18093691766262
3.8900001049042	0.067135781049728	-0.18195918202400
3.8949999809265	0.066718682646751	-0.18298515677452
3.9000000953674	0.066283591091633	-0.18401448428631
3.9049999713898	0.065830320119858	-0.18504671752453
3.9100000858307	0.065358661115170	-0.18608148396015
3.9149999618530	0.064868494868279	-0.18711827695370
3.9200000762939	0.064359642565250	-0.18815670907497
3.9249999523163	0.063831984996796	-0.18919627368450
3.9300000667572	0.063285373151302	-0.19023652374744
3.9349999427795	0.062719799578190	-0.19127693772316
3.9400000572205	0.062135241925716	-0.19231703877449
3.9449999332428	0.061531495302916	-0.19335637986660
3.9500000476837	0.060908641666174	-0.19439440965652
3.9549999237061	0.060266703367233	-0.19543065130711
3.9600000381470	0.059605620801449	-0.19646462798119
3.9649999141693	0.058925647288561	-0.19749578833580
3.9700000286102	0.058226689696312	-0.19852367043495
3.9749999046326	0.057508967816830	-0.19954779744148
3.9800000190735	0.056772537529469	-0.20056770741940
3.9849998950958	0.056017521768808	-0.20158292353153
3.9900000095367	0.055244244635105	-0.20259296894073
3.9949998855591	0.054452694952488	-0.20359744131565
4.0000000000000	0.053643275052309	-0.20459590852261
4.0050001144409	0.052816115319729	-0.20558798313141
4.0100002288818	0.051971510052681	-0.20657321810722
4.0149998664856	0.051109652966261	-0.20755133032799
4.0199999809265	0.050230845808983	-0.20852194726467
4.0250000953674	0.049335423856974	-0.20948471128941
4.0300002098083	0.048423595726490	-0.21043936908245
4.0349998474121	0.047495827078819	-0.21138559281826
4.0399999618530	0.046552162617445	-0.21232315897942
4.0450000762939	0.045593071728945	-0.21325181424618
4.0500001907349	0.044618848711252	-0.21417136490345
4.0549998283386	0.043629724532366	-0.21508163213730
4.0599999427795	0.042626041918993	-0.21598242223263
4.0650000572205	0.041608043015003	-0.21687357127666
4.0700001716614	0.040576089173555	-0.21775500476360
4.0749998092651	0.039530292153358	-0.21862655878067
4.0799999237061	0.038471158593893	-0.21948815882206
4.0850000381470	0.037398751825094	-0.22033971548080
4.0900001525879	0.036313351243734	-0.22118115425110
4.0949997901917	0.035215184092522	-0.22201243042946
4.0999999046326	0.034104365855455	-0.22283351421356
4.1050000190735	0.032981194555759	-0.22364431619644
4.1100001335144	0.031845763325691	-0.22444482147694
4.1149997711182	0.030698264017701	-0.22523501515388
4.1199998855591	0.029538840055466	-0.22601485252380
4.1250000000000	0.028367502614856	-0.22678427398205
4.1300001144409	0.027184417471290	-0.22754327952862
4.1350002288818	0.025989724323153	-0.22829179465771
4.1399998664856	0.024783316999674	-0.22902977466583
4.1449999809265	0.023565365001559	-0.22975714504719
4.1500000953674	0.022335862740874	-0.23047386109829
4.1550002098083	0.021094979718328	-0.23117980360985
4.1599998474121	0.019842440262437	-0.23187486827374
4.1649999618530	0.018578600138426	-0.23255896568298
4.1700000762939	0.017303125932813	-0.23323190212250
4.1750001907349	0.016016244888306	-0.23389358818531
4.1799998283386	0.014717807993293	-0.23454381525517
4.1849999427795	0.013407992199063	-0.23518235981464
4.1900000572205	0.012086657807231	-0.23580907285213
4.1950001716614	0.010753786191344	-0.23642365634441
4.1999998092651	0.0094095543026924	-0.23702587187290
4.2049999237061	0.0080539211630821	-0.23761549592018
4.2100000381470	0.0066868467256427	-0.23819217085838
4.2150001525879	0.0053084394894540	-0.23875562846661
4.2199997901917	0.0039188140071929	-0.23930551111698
4.2249999046326	0.0025180340744555	-0.23984153568745
4.2300000190735	0.0011061980621889	-0.24036329984665
4.2350001335144	-0.00031650188611820	-0.24087050557137
4.2399997711182	-0.0017499241512269	-0.24136270582676
4.2449998855591	-0.0031938888132572	-0.24183960258961
4.2500000000000	-0.0046481797471642	-0.24230077862740
4.2550001144409	-0.0061125168576837	-0.24274586141109
4.2600002288818	-0.0075866361148655	-0.24317450821400
4.2649998664856	-0.0090702110901475	-0.24358631670475
4.2699999809265	-0.010562991723418	-0.24398095905781
4.2750000953674	-0.012064487673342	-0.24435806274414
4.2800002098083	-0.013574376702309	-0.24471731483936
4.2849998474121	-0.015092237852514	-0.24505840241909
4.2899999618530	-0.016617592424154	-0.24538099765778
4.2950000762939	-0.018150005489588	-0.24568484723568
4.3000001907349	-0.019688982516527	-0.24596972763538
4.3049998283386	-0.021233936771750	-0.24623537063599
4.3099999427795	-0.022784423083067	-0.24648162722588
4.3150000572205	-0.024339875206351	-0.24670833349228
4.3200001716614	-0.025899663567543	-0.24691534042358
4.3249998092651	-0.027463318780065	-0.24710255861282
4.3299999237061	-0.029030205681920	-0.24726998806000
4.3350000381470	-0.030599704012275	-0.24741755425930
4.3400001525879	-0.032171279191971	-0.24754530191422
4.3449997901917	-0.033744338899851	-0.24765329062939
4.3499999046326	-0.035318300127983	-0.24774162471294
4.3550000190735	-0.036892626434565	-0.24781042337418
4.3600001335144	-0.038466759026051	-0.24785986542702
4.3649997711182	-0.040040176361799	-0.24789014458656
4.3699998855591	-0.041612304747105	-0.24790160357952
4.3750000000000	-0.043182693421841	-0.24789434671402
4.3800001144409	-0.044750954955816	-0.24786879122257
4.3850002288818	-0.046316519379616	-0.24782525002956
4.3899998664856	-0.047879122197628	-0.24776408076286
4.3949999809265	-0.049438301473856	-0.24768565595150
4.4000000953674	-0.050993800163269	-0.24759036302567
4.4050002098083	-0.052545264363289	-0.24747864902020
4.4099998474121	-0.054092466831207	-0.24735088646412
4.4149999618530	-0.055635258555412	-0.24720753729343
4.4200000762939	-0.057173442095518	-0.24704900383949
4.4250001907349	-0.058706872165203	-0.24687576293945
4.4299998283386	-0.060235485434532	-0.24668821692467
4.4349999427795	-0.061759274452925	-0.24648679792881
4.4400000572205	-0.063278205692768	-0.24627187848091
4.4450001716614	-0.064792364835739	-0.24604384601116
4.4499998092651	-0.066301785409451	-0.24580311775208
4.4549999237061	-0.067806623876095	-0.24554994702339
4.4600000381470	-0.069307006895542	-0.24528469145298
4.4650001525879	-0.070803135633469	-0.24500760436058
4.4699997901917	-0.072295196354389	-0.24471895396709
4.4749999046326	-0.073783464729786	-0.24441887438297
4.4800000190735	-0.075268194079399	-0.24410757422447
4.4850001335144	-0.076749533414841	-0.24378515779972
4.4899997711182	-0.078227937221527	-0.24345166981220
4.4949998855591	-0.079703554511070	-0.24310709536076
4.5000000000000	-0.081176683306694	-0.24275141954422
4.5050001144409	-0.082647673785686	-0.24238458275795
4.5100002288818	-0.084116764366627	-0.24200642108917
4.5149998664856	-0.085584156215191	-0.24161677062511
4.5199999809265	-0.087050072848797	-0.24121540784836
4.5250000953674	-0.088514819741249	-0.24080201983452
4.5300002098083	-0.089978463947773	-0.24037632346153
4.5349998474121	-0.091441221535206	-0.23993791639805
4.5399999618530	-0.092903152108192	-0.23948638141155
4.5450000762939	-0.094364352524281	-0.23902134597301
4.5500001907349	-0.095824718475342	-0.23854230344296
4.5549998283386	-0.097284309566021	-0.23804873228073
4.5599999427795	-0.098742984235287	-0.23754018545151
4.5650000572205	-0.10020051896572	-0.23701602220535
4.5700001716614	-0.10165676474571	-0.23647582530975
4.5749998092651	-0.10311138629913	-0.23591893911362
4.5799999237061	-0.10456404089928	-0.23534488677979
4.5850000381470	-0.10601424425840	-0.23475305736065
4.5900001525879	-0.10746157169342	-0.23414301872253
4.5949997901917	-0.10890540480614	-0.23351417481899
4.5999999046326	-0.11034512519836	-0.23286612331867
4.6050000190735	-0.11178005486727	-0.23219835758209
4.6100001335144	-0.11320943385363	-0.23151053488255
4.6149997711182	-0.11463239043951	-0.23080226778984
4.6199998855591	-0.11604815721512	-0.23007325828075
4.6250000000000	-0.11745564639568	-0.22932328283787
4.6300001144409	-0.11885397881269	-0.22855216264725
4.6350002288818	-0.12024212628603	-0.22775982320309
4.6399998664856	-0.12161902338266	-0.22694621980190
4.6449999809265	-0.12298352271318	-0.22611141204834
4.6500000953674	-0.12433461099863	-0.22525553405285
4.6550002098083	-0.12567102909088	-0.22437883913517
4.6599998474121	-0.12699173390865	-0.22348165512085
4.6649999618530	-0.12829551100731	-0.22256439924240
4.6700000762939	-0.12958124279976	-0.22162759304047
4.6750001907349	-0.13084782660007	-0.22067180275917
4.6799998283386	-0.13209411501884	-0.21969781816006
4.6849999427795	-0.13331906497478	-0.21870639920235
4.6900000572205	-0.13452157378197	-0.21769849956036
4.6950001716614	-0.13570074737072	-0.21667499840260
4.6999998092651	-0.13685560226440	-0.21563713252544
4.7049999237061	-0.13798533380032	-0.21458597481251
4.7100000381470	-0.13908900320530	-0.21352282166481
4.7150001525879	-0.14016605913639	-0.21244895458221
4.7199997901917	-0.14121584594250	-0.21136590838432
4.7249999046326	-0.14223779737949	-0.21027499437332
4.7300000190735	-0.14323154091835	-0.20917779207230
4.7350001335144	-0.14419668912888	-0.20807598531246
4.7399997711182	-0.14513307809830	-0.20697107911110
4.7449998855591	-0.14604061841965	-0.20586475729942
4.7500000000000	-0.14691933989525	-0.20475873351097
4.7550001144409	-0.14776945114136	-0.20365461707115
4.7600002288818	-0.14859123528004	-0.20255419611931
4.7649998664856	-0.14938506484032	-0.20145907998085
4.7699999809265	-0.15015149116516	-0.20037098228931
4.7750000953674	-0.15089130401611	-0.19929154217243
4.7800002098083	-0.15160517394543	-0.19822235405445
4.7849998474121	-0.15229408442974	-0.19716496765614
4.7899999618530	-0.15295907855034	-0.19612090289593
4.7950000762939	-0.15360133349895	-0.19509157538414
4.8000001907349	-0.15422214567661	-0.19407831132412
4.8049998283386	-0.15482296049595	-0.19308234751225
4.8099999427795	-0.15540516376495	-0.19210492074490
4.8150000572205	-0.15597042441368	-0.19114695489407
4.8200001716614	-0.15652042627335	-0.19020946323872
4.8249998092651	-0.15705692768097	-0.18929319083691
4.8299999237061	-0.15758170187473	-0.18839888274670
4.8350000381470	-0.15809665620327	-0.18752697110176
4.8400001525879	-0.15860374271870	-0.18667791783810
4.8449997901917	-0.15910485386848	-0.18585197627544
4.8499999046326	-0.15960201621056	-0.18504919111729
4.8550000190735	-0.16009722650051	-0.18426950275898
4.8600001335144	-0.16059246659279	-0.18351271748543
4.8649997711182	-0.16108970344067	-0.18277841806412
4.8699998855591	-0.16159090399742	-0.18206609785557
4.8750000000000	-0.16209794580936	-0.18137514591217
4.8800001144409	-0.16261269152164	-0.18070466816425
4.8850002288818	-0.16313700377941	-0.18005365133286
4.8899998664856	-0.16367246210575	-0.17942103743553
4.8949999809265	-0.16422085464001	-0.17880554497242
4.9000000953674	-0.16478353738785	-0.17820587754250
4.9050002098083	-0.16536201536655	-0.17762050032616
4.9099998474121	-0.16595762968063	-0.17704769968987
4.9149999618530	-0.16657143831253	-0.17648592591286
4.9200000762939	-0.16720455884933	-0.17593328654766
4.9250001907349	-0.16785784065723	-0.17538794875145
4.9299998283386	-0.16853201389313	-0.17484794557095
4.9349999427795	-0.16922768950462	-0.17431132495403
4.9400000572205	-0.16994525492191	-0.17377598583698
4.9450001716614	-0.17068497836590	-0.17323990166187
4.9499998092651	-0.17144696414471	-0.17270098626614
4.9549999237061	-0.17223116755486	-0.17215710878372
4.9600000381470	-0.17303723096848	-0.17160628736019
4.9650001525879	-0.17386488616467	-0.17104639112949
4.9699997901917	-0.17471347749233	-0.17047548294067
4.9749999046326	-0.17558230459690	-0.16989155113697
4.9800000190735	-0.17647057771683	-0.16929268836975
4.9850001335144	-0.17737707495689	-0.16867719590664
4.9899997711182	-0.17830081284046	-0.16804322600365
4.9949998855591	-0.17924030125141	-0.16738928854465
5.0000000000000	-0.18019434809685	-0.16671372950077
5.0050001144409	-0.18116128444672	-0.16601522266865
5.0100002288818	-0.18213950097561	-0.16529250144958
5.0149998664856	-0.18312719464302	-0.16454446315765
5.0199999809265	-0.18412262201309	-0.16377013921738
5.0250000953674	-0.18512389063835	-0.16296866536140
5.0300002098083	-0.18612907826900	-0.16213932633400
5.0349998474121	-0.18713614344597	-0.16128167510033
5.0399999618530	-0.18814311921597	-0.16039539873600
5.0450000762939	-0.18914797902107	-0.15948015451431
5.0500001907349	-0.19014865159988	-0.15853606164455
5.0549998283386	-0.19114321470261	-0.15756313502789
5.0599999427795	-0.19212952256203	-0.15656186640263
5.0650000572205	-0.19310586154461	-0.15553236007690
5.0700001716614	-0.19407002627850	-0.15447558462620
5.0749998092651	-0.19502039253712	-0.15339210629463
5.0799999237061	-0.19595514237881	-0.15228281915188
5.0850000381470	-0.19687256217003	-0.15114876627922
5.0900001525879	-0.19777114689350	-0.14999108016491
5.0949997901917	-0.19864922761917	-0.14881116151810
5.0999999046326	-0.19950567185879	-0.14761020243168
5.1050000190735	-0.20033916831017	-0.14638970792294
5.1100001335144	-0.20114852488041	-0.14515128731728
5.1149997711182	-0.20193283259869	-0.14389657974243
5.1199998855591	-0.20269127190113	-0.14262720942497
5.1250000000000	-0.20342314243317	-0.14134499430656
5.1300001144409	-0.20412792265415	-0.14005161821842
5.1350002288818	-0.20480512082577	-0.13874898850918
5.1399998664856	-0.20545466244221	-0.13743878901005
5.1449999809265	-0.20607635378838	-0.13612295687199
5.1500000953674	-0.20667026937008	-0.13480320572853
5.1550002098083	-0.20723663270473	-0.13348126411438
5.1599998474121	-0.20777587592602	-0.13215878605843
5.1649999618530	-0.20828822255135	-0.13083776831627
5.1700000762939	-0.20877452194691	-0.12951955199242
5.1750001907349	-0.20923553407192	-0.12820558249950
5.1799998283386	-0.20967197418213	-0.12689742445946
5.1849999427795	-0.21008478105068	-0.12559661269188
5.1900000572205	-0.21047517657280	-0.12430406361818
5.1950001716614	-0.21084418892860	-0.12302113324404
5.1999998092651	-0.21119312942028	-0.12174873799086
5.2049999237061	-0.21152320504189	-0.12048788368702
5.2100000381470	-0.21183580160141	-0.11923930048943
5.2150001525879	-0.21213237941265	-0.11800353229046
5.2199997901917	-0.21241413056850	-0.11678142100573
5.2249999046326	-0.21268279850483	-0.11557287722826
5.2300000190735	-0.21293960511684	-0.11437850445509
5.2350001335144	-0.21318608522415	-0.11319833248854
5.2399997711182	-0.21342369914055	-0.11203223466873
5.2449998855591	-0.21365372836590	-0.11088019609451
5.2500000000000	-0.21387766301632	-0.10974182933569
5.2550001144409	-0.21409662067890	-0.10861700773239
5.2600002288818	-0.21431200206280	-0.10750503093004
5.2649998664856	-0.21452495455742	-0.10640525817871
5.2699999809265	-0.21473650634289	-0.10531719028950
5.2750000953674	-0.21494770050049	-0.10423991084099
5.2800002098083	-0.21515944600105	-0.10317254066467
5.2849998474121	-0.21537254750729	-0.10211428999901
5.2899999618530	-0.21558770537376	-0.10106410831213
5.2950000762939	-0.21580548584461	-0.10002099722624
5.3000001907349	-0.21602648496628	-0.098983712494373
5.3049998283386	-0.21625095605850	-0.097951367497444
5.3099999427795	-0.21647910773754	-0.096922844648361
5.3150000572205	-0.21671123802662	-0.095896862447262
5.3200001716614	-0.21694725751877	-0.094872534275055
5.3249998092651	-0.21718713641167	-0.093848519027233
5.3299999237061	-0.21743057668209	-0.092824019491673
5.3350000381470	-0.21767739951611	-0.091797918081284
5.3400001525879	-0.21792711317539	-0.090769216418266
5.3449997901917	-0.21817925572395	-0.089737050235271
5.3499999046326	-0.21843323111534	-0.088700577616692
5.3550000190735	-0.21868839859962	-0.087659023702145
5.3600001335144	-0.21894399821758	-0.086611747741699
5.3649997711182	-0.21919927000999	-0.085558123886585
5.3699998855591	-0.21945336461067	-0.084497511386871
5.3750000000000	-0.21970538794994	-0.083429686725140
5.3800001144409	-0.21995440125465	-0.082354366779327
5.3850002288818	-0.22019940614700	-0.081271275877953
5.3899998664856	-0.22043962776661	-0.080180145800114
5.3949999809265	-0.22067396342754	-0.079081051051617
5.4000000953674	-0.22090144455433	-0.077974408864975
5.4050002098083	-0.22112122178078	-0.076859988272190
5.4099998474121	-0.22133238613605	-0.075738273561001
5.4149999618530	-0.22153399884701	-0.074609726667404
5.4200000762939	-0.22172532975674	-0.073474667966366
5.4250001907349	-0.22190554440022	-0.072333775460720
5.4299998283386	-0.22207400202751	-0.071187563240528
5.4349999427795	-0.22223004698753	-0.070036835968494
5.4400000572205	-0.22237311303616	-0.068882353603840
5.4450001716614	-0.22250272333622	-0.067725017666817
5.4499998092651	-0.22261852025986	-0.066565506160259
5.4549999237061	-0.22272022068501	-0.065404884517193
5.4600000381470	-0.22280755639076	-0.064244158565998
5.4650001525879	-0.22288054227829	-0.063083887100220
5.4699997901917	-0.22293907403946	-0.061925508081913
5.4749999046326	-0.22298327088356	-0.060769744217396
5.4800000190735	-0.22301338613033	-0.059617355465889
5.4850001335144	-0.22302955389023	-0.058469735085964
5.4899997711182	-0.22303228080273	-0.057327356189489
5.4949998855591	-0.22302199900150	-0.056191146373749
5.5000000000000	-0.22299918532372	-0.055062066763639
5.5050001144409	-0.22296458482742	-0.053940623998642
5.5100002288818	-0.22291880846024	-0.052827674895525
5.5149998664856	-0.22286263108253	-0.051723729819059
5.5199999809265	-0.22279684245586	-0.050629410892725
5.5250000953674	-0.22272235155106	-0.049544952809811
5.5300002098083	-0.22264002263546	-0.048470951616764
5.5349998474121	-0.22255080938339	-0.047407466918230
5.5399999618530	-0.22245565056801	-0.046354908496141
5.5450000762939	-0.22235552966595	-0.045312985777855
5.5500001907349	-0.22225140035152	-0.044282134622335
5.5549998283386	-0.22214424610138	-0.043261766433716
5.5599999427795	-0.22203496098518	-0.042251948267221
5.5650000572205	-0.22192452847958	-0.041252285242081
5.5700001716614	-0.22181373834610	-0.040262479335070
5.5749998092651	-0.22170352935791	-0.039281830191612
5.5799999237061	-0.22159458696842	-0.038309901952744
5.5850000381470	-0.22148768603802	-0.037346161901951
5.5900001525879	-0.22138345241547	-0.036389671266079
5.5949997901917	-0.22128246724606	-0.035439897328615
5.5999999046326	-0.22118519246578	-0.034495867788792
5.6050000190735	-0.22109209001064	-0.033556770533323
5.6100001335144	-0.22100344300270	-0.032621696591377
5.6149997711182	-0.22091946005821	-0.031689628958702
5.6199998855591	-0.22084030508995	-0.030759809538722
5.6250000000000	-0.22076597809792	-0.029831135645509
5.6300001144409	-0.22069644927979	-0.028902722522616
5.6350002288818	-0.22063151001930	-0.027973603457212
5.6399998664856	-0.22057092189789	-0.027042878791690
5.6449999809265	-0.22051435709000	-0.026109728962183
5.6500000953674	-0.22046133875847	-0.025173244997859
5.6550002098083	-0.22041139006615	-0.024232599884272
5.6599998474121	-0.22036390006542	-0.023287143558264
5.6649999618530	-0.22031815350056	-0.022336164489388
5.6700000762939	-0.22027345001698	-0.021379115059972
5.6750001907349	-0.22022898495197	-0.020415456965566
5.6799998283386	-0.22018392384052	-0.019444711506367
5.6849999427795	-0.22013737261295	-0.018466565757990
5.6900000572205	-0.22008842229843	-0.017480770125985
5.6950001716614	-0.22003616392612	-0.016487196087837
5.6999998092651	-0.21997959911823	-0.015485777519643
5.7049999237061	-0.21991778910160	-0.014476520009339
5.7100000381470	-0.21984979510307	-0.013459655456245
5.7150001525879	-0.21977470815182	-0.012435324490070
5.7199997901917	-0.21969163417816	-0.011403847485781
5.7249999046326	-0.21959966421127	-0.010365764610469
5.7300000190735	-0.21949803829193	-0.0093214837834239
5.7350001335144	-0.21938598155975	-0.0082716336473823
5.7399997711182	-0.21926276385784	-0.0072168596088886
5.7449998855591	-0.21912781894207	-0.0061579300090671
5.7500000000000	-0.21898056566715	-0.0050955703482032
5.7550001144409	-0.21882052719593	-0.0040307790040970
5.7600002288818	-0.21864737570286	-0.0029643068555743
5.7649998664856	-0.21846078336239	-0.0018971168901771
5.7699999809265	-0.21826058626175	-0.00083028426161036
5.7750000953674	-0.21804672479630	0.00023537375091109
5.7800002098083	-0.21781918406487	0.0012987279333174
5.7849998474121	-0.21757808327675	0.0023589078336954
5.7899999618530	-0.21732364594936	0.0034148951526731
5.7950000762939	-0.21705619990826	0.0044656773097813
5.8000001907349	-0.21677614748478	0.0055105611681938
5.8049998283386	-0.21648401021957	0.0065484996885061
5.8099999427795	-0.21618033945560	0.0075787240639329
5.8150000572205	-0.21586586534977	0.0086005758494139
5.8200001716614	-0.21554128825665	0.0096132643520832
5.8249998092651	-0.21520741283894	0.010616324841976
5.8299999237061	-0.21486519277096	0.011609100736678
5.8350000381470	-0.21451549232006	0.012591319158673
5.8400001525879	-0.21415925025940	0.013562570326030
5.8449997901917	-0.21379752457142	0.014522720128298
5.8499999046326	-0.21343131363392	0.015471552498639
5.8550000190735	-0.21306163072586	0.016409168019891
5.8600001335144	-0.21268950402737	0.017335548996925
5.8649997711182	-0.21231594681740	0.018250973895192
5.8699998855591	-0.21194195747375	0.019155811518431
5.8750000000000	-0.21156845986843	0.020050320774317
5.8800001144409	-0.21119640767574	0.020935090258718
5.8850002288818	-0.21082662045956	0.021810803562403
5.8899998664856	-0.21045988798141	0.022678067907691
5.8949999809265	-0.21009695529938	0.023537620902061
5.9000000953674	-0.20973844826221	0.024390427395701
5.9050002098083	-0.20938490331173	0.025237232446671
5.9099998474121	-0.20903678238392	0.026079190894961
5.9149999618530	-0.20869442820549	0.026917187497020
5.9200000762939	-0.20835809409618	0.027752365916967
5.9250001907349	-0.20802791416645	0.028585692867637
5.9299998283386	-0.20770391821861	0.029418338090181
5.9349999427795	-0.20738598704338	0.030251435935497
5.9400000572205	-0.20707394182682	0.031085928902030
5.9450001716614	-0.20676745474339	0.031923029571772
5.9499998092651	-0.20646612346172	0.032763671129942
5.9549999237061	-0.20616938173771	0.033608932048082
5.9600000381470	-0.20587658882141	0.034459616988897
5.9650001525879	-0.20558705925941	0.035316694527864
5.9699997901917	-0.20529992878437	0.036180920898914
5.9749999046326	-0.20501431822777	0.037052974104881
5.9800000190735	-0.20472922921181	0.037933561950922
5.9850001335144	-0.20444363355637	0.038823112845421
5.9899997711182	-0.20415645837784	0.039722077548504
5.9949998855591	-0.20386649668217	0.040630735456944
6.0000000000000	-0.20357264578342	0.041549339890480
