1.0000000000000	0.87355667352676	      -0.42959523200989	50.000000000000	0.0000000000000
1.0049999952316	0.87240654230118	      -0.43159517645836	50.000000000000	0.0000000000000
1.0099999904633	0.87125664949417	      -0.43359270691872	50.000000000000	0.0000000000000
1.0149999856949	0.87010723352432	      -0.43558850884438	50.000000000000	0.0000000000000
1.0199999809265	0.86895817518234	      -0.43758332729340	50.000000000000	0.0000000000000
1.0249999761581	0.86780923604965	      -0.43957787752151	50.000000000000	0.0000000000000
1.0299999713898	0.86666047573090	      -0.44157293438911	50.000000000000	0.0000000000000
1.0349999666214	0.86551117897034	      -0.44356900453568	50.000000000000	0.0000000000000
1.0399999618530	0.86436140537262	      -0.44556689262390	50.000000000000	0.0000000000000
1.0449999570847	0.86321055889130	      -0.44756704568863	50.000000000000	0.0000000000000
1.0499999523163	0.86205828189850	      -0.44957005977631	50.000000000000	0.0000000000000
1.0549999475479	0.86090391874313	      -0.45157644152641	50.000000000000	0.0000000000000
1.0599999427795	0.85974693298340	      -0.45358654856682	50.000000000000	0.0000000000000
1.0650000572205	0.85858672857285	      -0.45560085773468	50.000000000000	0.0000000000000
1.0700000524521	0.85742276906967	      -0.45761954784393	50.000000000000	0.0000000000000
1.0750000476837	0.85625433921814	      -0.45964279770851	50.000000000000	0.0000000000000
1.0800000429153	0.85508078336716	      -0.46167093515396	50.000000000000	0.0000000000000
1.0850000381470	0.85390126705170	      -0.46370396018028	50.000000000000	0.0000000000000
1.0900000333786	0.85271531343460	      -0.46574187278748	50.000000000000	0.0000000000000
1.0950000286102	0.85152226686478	      -0.46778458356857	50.000000000000	0.0000000000000
1.1000000238419	0.85032117366791	      -0.46983203291893	50.000000000000	0.0000000000000
1.1050000190735	0.84911161661148	      -0.47188407182693	50.000000000000	0.0000000000000
1.1100000143051	0.84789299964905	      -0.47394031286240	50.000000000000	0.0000000000000
1.1150000095367	0.84666460752487	      -0.47600051760674	50.000000000000	0.0000000000000
1.1200000047684	0.84542602300644	      -0.47806429862976	50.000000000000	0.0000000000000
1.1250000000000	0.84417670965195	      -0.48013141751289	50.000000000000	0.0000000000000
1.1299999952316	0.84291613101959	      -0.48220115900040	50.000000000000	0.0000000000000
1.1349999904633	0.84164398908615	      -0.48427304625511	50.000000000000	0.0000000000000
1.1399999856949	0.84035986661911	      -0.48634672164917	50.000000000000	0.0000000000000
1.1449999809265	0.83906346559525	      -0.48842152953148	50.000000000000	0.0000000000000
1.1499999761581	0.83775460720062	      -0.49049684405327	50.000000000000	0.0000000000000
1.1549999713898	0.83643317222595	      -0.49257218837738	50.000000000000	0.0000000000000
1.1599999666214	0.83509898185730	      -0.49464684724808	50.000000000000	0.0000000000000
1.1649999618530	0.83375191688538	      -0.49672025442123	50.000000000000	0.0000000000000
1.1699999570847	0.83239221572876	      -0.49879181385040	50.000000000000	0.0000000000000
1.1749999523163	0.83101975917816	      -0.50086098909378	50.000000000000	0.0000000000000
1.1799999475479	0.82963478565216	      -0.50292712450027	50.000000000000	0.0000000000000
1.1849999427795	0.82823747396469	      -0.50498980283737	50.000000000000	0.0000000000000
1.1900000572205	0.82682812213898	      -0.50704836845398	50.000000000000	0.0000000000000
1.1950000524521	0.82540684938431	      -0.50910252332687	50.000000000000	0.0000000000000
1.2000000476837	0.82397413253784	      -0.51115173101425	50.000000000000	0.0000000000000
1.2050000429153	0.82253044843674	      -0.51319551467896	50.000000000000	0.0000000000000
1.2100000381470	0.82107585668564	      -0.51523369550705	50.000000000000	0.0000000000000
1.2150000333786	0.81961113214493	      -0.51726591587067	50.000000000000	0.0000000000000
1.2200000286102	0.81813669204712	      -0.51929181814194	50.000000000000	0.0000000000000
1.2250000238419	0.81665277481079	      -0.52131146192551	50.000000000000	0.0000000000000
1.2300000190735	0.81516003608704	      -0.52332460880280	50.000000000000	0.0000000000000
1.2350000143051	0.81365895271301	      -0.52533102035522	50.000000000000	0.0000000000000
1.2400000095367	0.81215000152588	      -0.52733081579208	50.000000000000	0.0000000000000
1.2450000047684	0.81063371896744	      -0.52932411432266	50.000000000000	0.0000000000000
1.2500000000000	0.80911058187485	      -0.53131061792374	50.000000000000	0.0000000000000
1.2549999952316	0.80758094787598	      -0.53329110145569	50.000000000000	0.0000000000000
1.2599999904633	0.80604517459869	      -0.53526526689529	50.000000000000	0.0000000000000
1.2649999856949	0.80450379848480	      -0.53723335266113	50.000000000000	0.0000000000000
1.2699999809265	0.80295711755753	      -0.53919607400894	50.000000000000	0.0000000000000
1.2749999761581	0.80140560865402	      -0.54115313291550	50.000000000000	0.0000000000000
1.2799999713898	0.79984933137894	      -0.54310524463654	50.000000000000	0.0000000000000
1.2849999666214	0.79828870296478	      -0.54505264759064	50.000000000000	0.0000000000000
1.2899999618530	0.79672390222549	      -0.54699581861496	50.000000000000	0.0000000000000
1.2949999570847	0.79515498876572	      -0.54893511533737	50.000000000000	0.0000000000000
1.2999999523163	0.79358190298080	      -0.55087137222290	50.000000000000	0.0000000000000
1.3049999475479	0.79200536012650	      -0.55280405282974	50.000000000000	0.0000000000000
1.3099999427795	0.79042482376099	      -0.55473440885544	50.000000000000	0.0000000000000
1.3150000572205	0.78884005546570	      -0.55666297674179	50.000000000000	0.0000000000000
1.3200000524521	0.78725147247314	      -0.55858945846558	50.000000000000	0.0000000000000
1.3250000476837	0.78565871715546	      -0.56051468849182	50.000000000000	0.0000000000000
1.3300000429153	0.78406155109406	      -0.56243914365768	50.000000000000	0.0000000000000
1.3350000381470	0.78245979547501	      -0.56436318159103	50.000000000000	0.0000000000000
1.3400000333786	0.78085303306580	      -0.56628721952438	50.000000000000	0.0000000000000
1.3450000286102	0.77924126386642	      -0.56821113824844	50.000000000000	0.0000000000000
1.3500000238419	0.77762377262115	      -0.57013571262360	50.000000000000	0.0000000000000
1.3550000190735	0.77600061893463	      -0.57206088304520	50.000000000000	0.0000000000000
1.3600000143051	0.77437090873718	      -0.57398724555969	50.000000000000	0.0000000000000
1.3650000095367	0.77273452281952	      -0.57591468095779	50.000000000000	0.0000000000000
1.3700000047684	0.77109116315842	      -0.57784295082092	50.000000000000	0.0000000000000
1.3750000000000	0.76943981647491	      -0.57977300882339	50.000000000000	0.0000000000000
1.3799999952316	0.76778084039688	      -0.58170408010483	50.000000000000	0.0000000000000
1.3849999904633	0.76611292362213	      -0.58363682031631	50.000000000000	0.0000000000000
1.3899999856949	0.76443612575531	      -0.58557063341141	50.000000000000	0.0000000000000
1.3949999809265	0.76274985074997	      -0.58750563859940	50.000000000000	0.0000000000000
1.3999999761581	0.76105380058289	      -0.58944171667099	50.000000000000	0.0000000000000
1.4049999713898	0.75934725999832	      -0.59137862920761	50.000000000000	0.0000000000000
1.4099999666214	0.75763010978699	      -0.59331625699997	50.000000000000	0.0000000000000
1.4149999618530	0.75590181350708	      -0.59525424242020	50.000000000000	0.0000000000000
1.4199999570847	0.75416207313538	      -0.59719216823578	50.000000000000	0.0000000000000
1.4249999523163	0.75241041183472	      -0.59913009405136	50.000000000000	0.0000000000000
1.4299999475479	0.75064688920975	      -0.60106724500656	50.000000000000	0.0000000000000
1.4349999427795	0.74887084960938	      -0.60300350189209	50.000000000000	0.0000000000000
1.4400000572205	0.74708229303360	      -0.60493838787079	50.000000000000	0.0000000000000
1.4450000524521	0.74528104066849	      -0.60687154531479	50.000000000000	0.0000000000000
1.4500000476837	0.74346685409546	      -0.60880243778229	50.000000000000	0.0000000000000
1.4550000429153	0.74163967370987	      -0.61073076725006	50.000000000000	0.0000000000000
1.4600000381470	0.73979949951172	      -0.61265599727631	50.000000000000	0.0000000000000
1.4650000333786	0.73794627189636	      -0.61457788944244	50.000000000000	0.0000000000000
1.4700000286102	0.73607999086380	      -0.61649584770203	50.000000000000	0.0000000000000
1.4750000238419	0.73420077562332	      -0.61840939521790	50.000000000000	0.0000000000000
1.4800000190735	0.73230862617493	      -0.62031841278076	50.000000000000	0.0000000000000
1.4850000143051	0.73040378093719	      -0.62222236394882	50.000000000000	0.0000000000000
1.4900000095367	0.72848623991013	      -0.62412083148956	50.000000000000	0.0000000000000
1.4950000047684	0.72655642032623	      -0.62601357698441	50.000000000000	0.0000000000000
1.5000000000000	0.72461432218552	      -0.62790030241013	50.000000000000	0.0000000000000
1.5049999952316	0.72266030311584	      -0.62978070974350	50.000000000000	0.0000000000000
1.5099999904633	0.72069460153580	      -0.63165462017059	50.000000000000	0.0000000000000
1.5149999856949	0.71871745586395	      -0.63352173566818	50.000000000000	0.0000000000000
1.5199999809265	0.71672922372818	      -0.63538187742233	50.000000000000	0.0000000000000
1.5249999761581	0.71473014354706	      -0.63723498582840	50.000000000000	0.0000000000000
1.5299999713898	0.71272051334381	      -0.63908088207245	50.000000000000	0.0000000000000
1.5349999666214	0.71070069074631	      -0.64091962575912	50.000000000000	0.0000000000000
1.5399999618530	0.70867085456848	      -0.64275109767914	50.000000000000	0.0000000000000
1.5449999570847	0.70663136243820	      -0.64457529783249	50.000000000000	0.0000000000000
1.5499999523163	0.70458251237869	      -0.64639228582382	50.000000000000	0.0000000000000
1.5549999475479	0.70252448320389	      -0.64820218086243	50.000000000000	0.0000000000000
1.5599999427795	0.70045757293701	      -0.65000498294830	50.000000000000	0.0000000000000
1.5650000572205	0.69838196039200	      -0.65180087089539	50.000000000000	0.0000000000000
1.5700000524521	0.69629800319672	      -0.65359008312225	50.000000000000	0.0000000000000
1.5750000476837	0.69420570135117	      -0.65537267923355	50.000000000000	0.0000000000000
1.5800000429153	0.69210517406464	      -0.65714889764786	50.000000000000	0.0000000000000
1.5850000381470	0.68999665975571	      -0.65891897678375	50.000000000000	0.0000000000000
1.5900000333786	0.68788009881973	      -0.66068309545517	50.000000000000	0.0000000000000
1.5950000286102	0.68575572967529	      -0.66244143247604	50.000000000000	0.0000000000000
1.6000000238419	0.68362343311310	      -0.66419440507889	50.000000000000	0.0000000000000
1.6050000190735	0.68148320913315	      -0.66594219207764	50.000000000000	0.0000000000000
1.6100000143051	0.67933493852615	      -0.66768491268158	50.000000000000	0.0000000000000
1.6150000095367	0.67717862129211	      -0.66942292451859	50.000000000000	0.0000000000000
1.6200000047684	0.67501407861710	      -0.67115640640259	50.000000000000	0.0000000000000
1.6250000000000	0.67284119129181	      -0.67288571596146	50.000000000000	0.0000000000000
1.6299999952316	0.67065984010696	      -0.67461079359055	50.000000000000	0.0000000000000
1.6349999904633	0.66846966743469	      -0.67633193731308	50.000000000000	0.0000000000000
1.6399999856949	0.66627061367035	      -0.67804932594299	50.000000000000	0.0000000000000
1.6449999809265	0.66406220197678	      -0.67976307868958	50.000000000000	0.0000000000000
1.6499999761581	0.66184425354004	      -0.68147343397141	50.000000000000	0.0000000000000
1.6549999713898	0.65961658954620	      -0.68318015336990	50.000000000000	0.0000000000000
1.6599999666214	0.65737867355347	      -0.68488359451294	50.000000000000	0.0000000000000
1.6649999618530	0.65513032674789	      -0.68658369779587	50.000000000000	0.0000000000000
1.6699999570847	0.65287113189697	      -0.68828034400940	50.000000000000	0.0000000000000
1.6749999523163	0.65060085058212	      -0.68997365236282	50.000000000000	0.0000000000000
1.6799999475479	0.64831900596619	      -0.69166344404221	50.000000000000	0.0000000000000
1.6849999427795	0.64602524042130	      -0.69334959983826	50.000000000000	0.0000000000000
1.6900000572205	0.64371937513351	      -0.69503200054169	50.000000000000	0.0000000000000
1.6950000524521	0.64140105247498	      -0.69671052694321	50.000000000000	0.0000000000000
1.7000000476837	0.63906985521317	      -0.69838482141495	50.000000000000	0.0000000000000
1.7050000429153	0.63672542572021	      -0.70005488395691	50.000000000000	0.0000000000000
1.7100000381470	0.63436758518219	      -0.70172029733658	50.000000000000	0.0000000000000
1.7150000333786	0.63199597597122	      -0.70338082313538	50.000000000000	0.0000000000000
1.7200000286102	0.62961053848267	      -0.70503598451614	50.000000000000	0.0000000000000
1.7250000238419	0.62721079587936	      -0.70668578147888	50.000000000000	0.0000000000000
1.7300000190735	0.62479668855667	      -0.70832955837250	50.000000000000	0.0000000000000
1.7350000143051	0.62236803770065	      -0.70996719598770	50.000000000000	0.0000000000000
1.7400000095367	0.61992460489273	      -0.71159809827805	50.000000000000	0.0000000000000
1.7450000047684	0.61746633052826	      -0.71322196722031	50.000000000000	0.0000000000000
1.7500000000000	0.61499315500259	      -0.71483850479126	50.000000000000	0.0000000000000
1.7549999952316	0.61250483989716	      -0.71644717454910	50.000000000000	0.0000000000000
1.7599999904633	0.61000156402588	      -0.71804761886597	50.000000000000	0.0000000000000
1.7649999856949	0.60748326778412	      -0.71963948011398	50.000000000000	0.0000000000000
1.7699999809265	0.60494995117188	      -0.72122234106064	50.000000000000	0.0000000000000
1.7749999761581	0.60240161418915	      -0.72279584407806	50.000000000000	0.0000000000000
1.7799999713898	0.59983837604523	      -0.72435957193375	50.000000000000	0.0000000000000
1.7849999666214	0.59726047515869	      -0.72591304779053	50.000000000000	0.0000000000000
1.7899999618530	0.59466767311096	      -0.72745627164841	50.000000000000	0.0000000000000
1.7949999570847	0.59206044673920	      -0.72898858785629	50.000000000000	0.0000000000000
1.7999999523163	0.58943885564804	      -0.73050987720490	50.000000000000	0.0000000000000
1.8049999475479	0.58680301904678	      -0.73201972246170	50.000000000000	0.0000000000000
1.8099999427795	0.58415311574936	      -0.73351794481277	50.000000000000	0.0000000000000
1.8150000572205	0.58148950338364	      -0.73500424623489	50.000000000000	0.0000000000000
1.8200000524521	0.57881224155426	      -0.73647856712341	50.000000000000	0.0000000000000
1.8250000476837	0.57612150907516	      -0.73794043064117	50.000000000000	0.0000000000000
1.8300000429153	0.57341760396957	      -0.73938983678818	50.000000000000	0.0000000000000
1.8350000381470	0.57070076465607	      -0.74082666635513	50.000000000000	0.0000000000000
1.8400000333786	0.56797116994858	      -0.74225068092346	50.000000000000	0.0000000000000
1.8450000286102	0.56522893905640	      -0.74366194009781	50.000000000000	0.0000000000000
1.8500000238419	0.56247437000275	      -0.74506020545959	50.000000000000	0.0000000000000
1.8550000190735	0.55970764160156	      -0.74644541740417	50.000000000000	0.0000000000000
1.8600000143051	0.55692875385284	      -0.74781769514084	50.000000000000	0.0000000000000
1.8650000095367	0.55413806438446	      -0.74917680025101	50.000000000000	0.0000000000000
1.8700000047684	0.55133557319641	      -0.75052291154861	50.000000000000	0.0000000000000
1.8750000000000	0.54852169752121	      -0.75185590982437	50.000000000000	0.0000000000000
1.8799999952316	0.54569607973099	      -0.75317585468292	50.000000000000	0.0000000000000
1.8849999904633	0.54285901784897	      -0.75448274612427	50.000000000000	0.0000000000000
1.8899999856949	0.54001075029373	      -0.75577658414841	50.000000000000	0.0000000000000
1.8949999809265	0.53715091943741	      -0.75705742835999	50.000000000000	0.0000000000000
1.8999999761581	0.53427988290787	      -0.75832527875900	50.000000000000	0.0000000000000
1.9049999713898	0.53139746189117	      -0.75958025455475	50.000000000000	0.0000000000000
1.9099999666214	0.52850371599197	      -0.76082217693329	50.000000000000	0.0000000000000
1.9149999618530	0.52559846639633	      -0.76205122470856	50.000000000000	0.0000000000000
1.9199999570847	0.52268165349960	      -0.76326739788055	50.000000000000	0.0000000000000
1.9249999523163	0.51975321769714	      -0.76447051763535	50.000000000000	0.0000000000000
1.9299999475479	0.51681309938431	      -0.76566064357758	50.000000000000	0.0000000000000
1.9349999427795	0.51386123895645	      -0.76683777570724	50.000000000000	0.0000000000000
1.9400000572205	0.51089721918106	      -0.76800179481506	50.000000000000	0.0000000000000
1.9450000524521	0.50792109966278	      -0.76915258169174	50.000000000000	0.0000000000000
1.9500000476837	0.50493264198303	      -0.77029013633728	50.000000000000	0.0000000000000
1.9550000429153	0.50193166732788	      -0.77141427993774	50.000000000000	0.0000000000000
1.9600000381470	0.49891796708107	      -0.77252471446991	50.000000000000	0.0000000000000
1.9650000333786	0.49589151144028	      -0.77362138032913	50.000000000000	0.0000000000000
1.9700000286102	0.49285191297531	      -0.77470397949219	50.000000000000	0.0000000000000
1.9750000238419	0.48979908227921	      -0.77577239274979	50.000000000000	0.0000000000000
1.9800000190735	0.48673272132874	      -0.77682626247406	50.000000000000	0.0000000000000
1.9850000143051	0.48365294933319	      -0.77786529064178	50.000000000000	0.0000000000000
1.9900000095367	0.48055937886238	      -0.77888923883438	50.000000000000	0.0000000000000
1.9950000047684	0.47745180130005	      -0.77989768981934	50.000000000000	0.0000000000000
2.0000000000000	0.47433033585548	      -0.78089016675949	50.000000000000	0.0000000000000
2.0050001144409	0.47119462490082	      -0.78186649084091	50.000000000000	0.0000000000000
2.0099999904633	0.46804457902908	      -0.78282612562180	50.000000000000	0.0000000000000
2.0150001049042	0.46488031744957	      -0.78376859426498	50.000000000000	0.0000000000000
2.0199999809265	0.46170157194138	      -0.78469353914261	50.000000000000	0.0000000000000
2.0250000953674	0.45850846171379	      -0.78560048341751	50.000000000000	0.0000000000000
2.0299999713898	0.45530089735985	      -0.78648883104324	50.000000000000	0.0000000000000
2.0350000858307	0.45207887887955	      -0.78735828399658	50.000000000000	0.0000000000000
2.0399999618530	0.44884255528450	      -0.78820818662643	50.000000000000	0.0000000000000
2.0450000762939	0.44559195637703	      -0.78903800249100	50.000000000000	0.0000000000000
2.0499999523163	0.44232711195946	      -0.78984731435776	50.000000000000	0.0000000000000
2.0550000667572	0.43904832005501	      -0.79063552618027	50.000000000000	0.0000000000000
2.0599999427795	0.43575561046600	      -0.79140233993530	50.000000000000	0.0000000000000
2.0650000572205	0.43244928121567	      -0.79214686155319	50.000000000000	0.0000000000000
2.0699999332428	0.42912939190865	      -0.79286891222000	50.000000000000	0.0000000000000
2.0750000476837	0.42579644918442	      -0.79356777667999	50.000000000000	0.0000000000000
2.0799999237061	0.42245045304298	      -0.79424315690994	50.000000000000	0.0000000000000
2.0850000381470	0.41909188032150	      -0.79489439725876	50.000000000000	0.0000000000000
2.0899999141693	0.41572090983391	      -0.79552108049393	50.000000000000	0.0000000000000
2.0950000286102	0.41233807802200	      -0.79612284898758	50.000000000000	0.0000000000000
2.0999999046326	0.40894368290901	      -0.79669904708862	50.000000000000	0.0000000000000
2.1050000190735	0.40553796291351	      -0.79724955558777	50.000000000000	0.0000000000000
2.1099998950958	0.40212157368660	      -0.79777377843857	50.000000000000	0.0000000000000
2.1150000095367	0.39869466423988	      -0.79827129840851	50.000000000000	0.0000000000000
2.1199998855591	0.39525780081749	      -0.79874205589294	50.000000000000	0.0000000000000
2.1250000000000	0.39181160926819	      -0.79918527603149	50.000000000000	0.0000000000000
2.1300001144409	0.38835623860359	      -0.79960095882416	50.000000000000	0.0000000000000
2.1349999904633	0.38489228487015	      -0.79998856782913	50.000000000000	0.0000000000000
2.1400001049042	0.38142022490501	      -0.80034804344177	50.000000000000	0.0000000000000
2.1449999809265	0.37794053554535	      -0.80067902803421	50.000000000000	0.0000000000000
2.1500000953674	0.37445366382599	      -0.80098134279251	50.000000000000	0.0000000000000
2.1549999713898	0.37096005678177	      -0.80125463008881	50.000000000000	0.0000000000000
2.1600000858307	0.36746013164520	      -0.80149877071381	50.000000000000	0.0000000000000
2.1649999618530	0.36395448446274	      -0.80171352624893	50.000000000000	0.0000000000000
2.1700000762939	0.36044347286224	      -0.80189883708954	50.000000000000	0.0000000000000
2.1749999523163	0.35692754387856	      -0.80205458402634	50.000000000000	0.0000000000000
2.1800000667572	0.35340735316277	      -0.80218040943146	50.000000000000	0.0000000000000
2.1849999427795	0.34988322854042	      -0.80227619409561	50.000000000000	0.0000000000000
2.1900000572205	0.34635537862778	      -0.80234205722809	50.000000000000	0.0000000000000
2.1949999332428	0.34282454848289	      -0.80237758159637	50.000000000000	0.0000000000000
2.2000000476837	0.33929097652435	      -0.80238288640976	50.000000000000	0.0000000000000
2.2049999237061	0.33575528860092	      -0.80235767364502	50.000000000000	0.0000000000000
2.2100000381470	0.33221763372421	      -0.80230200290680	50.000000000000	0.0000000000000
2.2149999141693	0.32867860794067	      -0.80221557617188	50.000000000000	0.0000000000000
2.2200000286102	0.32513847947121	      -0.80209839344025	50.000000000000	0.0000000000000
2.2249999046326	0.32159778475761	      -0.80195033550262	50.000000000000	0.0000000000000
2.2300000190735	0.31805691123009	      -0.80177128314972	50.000000000000	0.0000000000000
2.2349998950958	0.31451603770256	      -0.80156105756760	50.000000000000	0.0000000000000
2.2400000095367	0.31097584962845	      -0.80131965875626	50.000000000000	0.0000000000000
2.2449998855591	0.30743664503098	      -0.80104672908783	50.000000000000	0.0000000000000
2.2500000000000	0.30389875173569	      -0.80074238777161	50.000000000000	0.0000000000000
2.2550001144409	0.30036261677742	      -0.80040633678436	50.000000000000	0.0000000000000
2.2599999904633	0.29682871699333	      -0.80003851652145	50.000000000000	0.0000000000000
2.2650001049042	0.29329729080200	      -0.79963862895966	50.000000000000	0.0000000000000
2.2699999809265	0.28976902365685	      -0.79920661449432	50.000000000000	0.0000000000000
2.2750000953674	0.28624424338341	      -0.79874229431152	50.000000000000	0.0000000000000
2.2799999713898	0.28272345662117	      -0.79824542999268	50.000000000000	0.0000000000000
2.2850000858307	0.27920708060265	      -0.79771596193314	50.000000000000	0.0000000000000
2.2899999618530	0.27569559216499	      -0.79715359210968	50.000000000000	0.0000000000000
2.2950000762939	0.27218964695930	      -0.79655820131302	50.000000000000	0.0000000000000
2.2999999523163	0.26868972182274	      -0.79592955112457	50.000000000000	0.0000000000000
2.3050000667572	0.26519632339478	      -0.79526758193970	50.000000000000	0.0000000000000
2.3099999427795	0.26171007752419	      -0.79457205533981	50.000000000000	0.0000000000000
2.3150000572205	0.25823155045509	      -0.79384279251099	50.000000000000	0.0000000000000
2.3199999332428	0.25476160645485	      -0.79307961463928	50.000000000000	0.0000000000000
2.3250000476837	0.25130063295364	      -0.79228246212006	50.000000000000	0.0000000000000
2.3299999237061	0.24784934520721	      -0.79145115613937	50.000000000000	0.0000000000000
2.3350000381470	0.24440866708755	      -0.79058557748795	50.000000000000	0.0000000000000
2.3399999141693	0.24097913503647	      -0.78968566656113	50.000000000000	0.0000000000000
2.3450000286102	0.23756153881550	      -0.78875130414963	50.000000000000	0.0000000000000
2.3499999046326	0.23415675759315	      -0.78778254985809	50.000000000000	0.0000000000000
2.3550000190735	0.23076556622982	      -0.78677928447723	50.000000000000	0.0000000000000
2.3599998950958	0.22738885879517	      -0.78574144840240	50.000000000000	0.0000000000000
2.3650000095367	0.22402735054493	      -0.78466939926147	50.000000000000	0.0000000000000
2.3699998855591	0.22068203985691	      -0.78356289863586	50.000000000000	0.0000000000000
2.3750000000000	0.21735370159149	      -0.78242230415344	50.000000000000	0.0000000000000
2.3800001144409	0.21404324471951	      -0.78124761581421	50.000000000000	0.0000000000000
2.3849999904633	0.21075171232224	      -0.78003901243210	50.000000000000	0.0000000000000
2.3900001049042	0.20748005807400	      -0.77879685163498	50.000000000000	0.0000000000000
2.3949999809265	0.20422899723053	      -0.77752131223679	50.000000000000	0.0000000000000
2.4000000953674	0.20099961757660	      -0.77621287107468	50.000000000000	0.0000000000000
2.4049999713898	0.19779288768768	      -0.77487176656723	50.000000000000	0.0000000000000
2.4100000858307	0.19460947811604	      -0.77349853515625	50.000000000000	0.0000000000000
2.4149999618530	0.19145064055920	      -0.77209353446960	50.000000000000	0.0000000000000
2.4200000762939	0.18831716477871	      -0.77065730094910	50.000000000000	0.0000000000000
2.4249999523163	0.18521001935005	      -0.76919049024582	50.000000000000	0.0000000000000
2.4300000667572	0.18212999403477	      -0.76769357919693	50.000000000000	0.0000000000000
2.4349999427795	0.17907790839672	      -0.76616734266281	50.000000000000	0.0000000000000
2.4400000572205	0.17605480551720	      -0.76461249589920	50.000000000000	0.0000000000000
2.4449999332428	0.17306146025658	      -0.76302963495255	50.000000000000	0.0000000000000
2.4500000476837	0.17009855806828	      -0.76141977310181	50.000000000000	0.0000000000000
2.4549999237061	0.16716693341732	      -0.75978350639343	50.000000000000	0.0000000000000
2.4600000381470	0.16426731646061	      -0.75812190771103	50.000000000000	0.0000000000000
2.4649999141693	0.16140043735504	      -0.75643581151962	50.000000000000	0.0000000000000
2.4700000286102	0.15856708586216	      -0.75472611188889	50.000000000000	0.0000000000000
2.4749999046326	0.15576758980751	      -0.75299382209778	50.000000000000	0.0000000000000
2.4800000190735	0.15300253033638	      -0.75124007463455	50.000000000000	0.0000000000000
2.4849998950958	0.15027248859406	      -0.74946576356888	50.000000000000	0.0000000000000
2.4900000095367	0.14757834374905	      -0.74767184257507	50.000000000000	0.0000000000000
2.4949998855591	0.14492014050484	      -0.74585962295532	50.000000000000	0.0000000000000
2.5000000000000	0.14229834079742	      -0.74403011798859	50.000000000000	0.0000000000000
2.5050001144409	0.13971345126629	      -0.74218428134918	50.000000000000	0.0000000000000
2.5099999904633	0.13716551661491	      -0.74032360315323	50.000000000000	0.0000000000000
2.5150001049042	0.13465483486652	      -0.73844891786575	50.000000000000	0.0000000000000
2.5199999809265	0.13218189775944	      -0.73656147718430	50.000000000000	0.0000000000000
2.5250000953674	0.12974627315998	      -0.73466241359711	50.000000000000	0.0000000000000
2.5299999713898	0.12734870612621	      -0.73275279998779	50.000000000000	0.0000000000000
2.5350000858307	0.12498871982098	      -0.73083394765854	50.000000000000	0.0000000000000
2.5399999618530	0.12266633659601	      -0.72890704870224	50.000000000000	0.0000000000000
2.5450000762939	0.12038224190474	      -0.72697293758392	50.000000000000	0.0000000000000
2.5499999523163	0.11813539266586	      -0.72503298521042	50.000000000000	0.0000000000000
2.5550000667572	0.11592593044043	      -0.72308826446533	50.000000000000	0.0000000000000
2.5599999427795	0.11375392228365	      -0.72113990783691	50.000000000000	0.0000000000000
2.5650000572205	0.11161892861128	      -0.71918874979019	50.000000000000	0.0000000000000
2.5699999332428	0.10952109098434	      -0.71723610162735	50.000000000000	0.0000000000000
2.5750000476837	0.10745929181576	      -0.71528309583664	50.000000000000	0.0000000000000
2.5799999237061	0.10543386638165	      -0.71333050727844	50.000000000000	0.0000000000000
2.5850000381470	0.10344444960356	      -0.71137946844101	50.000000000000	0.0000000000000
2.5899999141693	0.10149034857750	      -0.70943093299866	50.000000000000	0.0000000000000
2.5950000286102	0.099571086466312	      -0.70748585462570	50.000000000000	0.0000000000000
2.5999999046326	0.097686275839806	      -0.70554512739182	50.000000000000	0.0000000000000
2.6050000190735	0.095835462212563	      -0.70360976457596	50.000000000000	0.0000000000000
2.6099998950958	0.094017967581749	      -0.70168054103851	50.000000000000	0.0000000000000
2.6150000095367	0.092233657836914	      -0.69975823163986	50.000000000000	0.0000000000000
2.6199998855591	0.090481378138065	      -0.69784396886826	50.000000000000	0.0000000000000
2.6250000000000	0.088761024177074	      -0.69593822956085	50.000000000000	0.0000000000000
2.6300001144409	0.087071925401688	      -0.69404178857803	50.000000000000	0.0000000000000
2.6349999904633	0.085413351655006	      -0.69215559959412	50.000000000000	0.0000000000000
2.6400001049042	0.083784453570843	      -0.69028031826019	50.000000000000	0.0000000000000
2.6449999809265	0.082184962928295	      -0.68841648101807	50.000000000000	0.0000000000000
2.6500000953674	0.080613791942596	      -0.68656480312347	50.000000000000	0.0000000000000
2.6549999713898	0.079070702195168	      -0.68472611904144	50.000000000000	0.0000000000000
2.6600000858307	0.077554330229759	      -0.68290078639984	50.000000000000	0.0000000000000
2.6649999618530	0.076064847409725	      -0.68108963966370	50.000000000000	0.0000000000000
2.6700000762939	0.074600830674171	      -0.67929297685623	50.000000000000	0.0000000000000
2.6749999523163	0.073162011802197	      -0.67751145362854	50.000000000000	0.0000000000000
2.6800000667572	0.071747414767742	      -0.67574572563171	50.000000000000	0.0000000000000
2.6849999427795	0.070356048643589	      -0.67399609088898	50.000000000000	0.0000000000000
2.6900000572205	0.068987645208836	      -0.67226308584213	50.000000000000	0.0000000000000
2.6949999332428	0.067641302943230	      -0.67054706811905	50.000000000000	0.0000000000000
2.7000000476837	0.066315978765488	      -0.66884869337082	50.000000000000	0.0000000000000
2.7049999237061	0.065010696649551	      -0.66716814041138	50.000000000000	0.0000000000000
2.7100000381470	0.063725285232067	      -0.66550594568253	50.000000000000	0.0000000000000
2.7149999141693	0.062458708882332	      -0.66386234760284	50.000000000000	0.0000000000000
2.7200000286102	0.061210092157125	      -0.66223770380020	50.000000000000	0.0000000000000
2.7249999046326	0.059978723526001	      -0.66063243150711	50.000000000000	0.0000000000000
2.7300000190735	0.058763500303030	      -0.65904664993286	50.000000000000	0.0000000000000
2.7349998950958	0.057563647627831	      -0.65748071670532	50.000000000000	0.0000000000000
2.7400000095367	0.056378401815891	      -0.65593492984772	50.000000000000	0.0000000000000
2.7449998855591	0.055207062512636	      -0.65440934896469	50.000000000000	0.0000000000000
2.7500000000000	0.054048489779234	      -0.65290427207947	50.000000000000	0.0000000000000
2.7550001144409	0.052901770919561	      -0.65141981840134	50.000000000000	0.0000000000000
2.7599999904633	0.051766242831945	      -0.64995610713959	50.000000000000	0.0000000000000
2.7650001049042	0.050641097128391	      -0.64851325750351	50.000000000000	0.0000000000000
2.7699999809265	0.049525123089552	      -0.64709132909775	50.000000000000	0.0000000000000
2.7750000953674	0.048417769372463	      -0.64569044113159	50.000000000000	0.0000000000000
2.7799999713898	0.047317843884230	      -0.64431041479111	50.000000000000	0.0000000000000
2.7850000858307	0.046224422752857	      -0.64295148849487	50.000000000000	0.0000000000000
2.7899999618530	0.045136798173189	      -0.64161342382431	50.000000000000	0.0000000000000
2.7950000762939	0.044053971767426	      -0.64029616117477	50.000000000000	0.0000000000000
2.7999999523163	0.042975261807442	      -0.63899958133698	50.000000000000	0.0000000000000
2.8050000667572	0.041899461299181	      -0.63772356510162	50.000000000000	0.0000000000000
2.8099999427795	0.040825746953487	      -0.63646799325943	50.000000000000	0.0000000000000
2.8150000572205	0.039753235876560	      -0.63523244857788	50.000000000000	0.0000000000000
2.8199999332428	0.038681119680405	      -0.63401681184769	50.000000000000	0.0000000000000
2.8250000476837	0.037608459591866	      -0.63282078504562	50.000000000000	0.0000000000000
2.8299999237061	0.036534462124109	      -0.63164395093918	50.000000000000	0.0000000000000
2.8350000381470	0.035458285361528	      -0.63048601150513	50.000000000000	0.0000000000000
2.8399999141693	0.034378997981548	      -0.62934666872025	50.000000000000	0.0000000000000
2.8450000286102	0.033295858651400	      -0.62822520732880	50.000000000000	0.0000000000000
2.8499999046326	0.032208103686571	      -0.62712144851685	50.000000000000	0.0000000000000
2.8550000190735	0.031114986166358	      -0.62603467702866	50.000000000000	0.0000000000000
2.8599998950958	0.030015641823411	      -0.62496447563171	50.000000000000	0.0000000000000
2.8650000095367	0.028909409418702	      -0.62391030788422	50.000000000000	0.0000000000000
2.8699998855591	0.027795722708106	      -0.62287145853043	50.000000000000	0.0000000000000
2.8750000000000	0.026673806831241	      -0.62184745073318	50.000000000000	0.0000000000000
2.8800001144409	0.025542950257659	      -0.62083750963211	50.000000000000	0.0000000000000
2.8849999904633	0.024402700364590	      -0.61984103918076	50.000000000000	0.0000000000000
2.8900001049042	0.023252440616488	      -0.61885732412338	50.000000000000	0.0000000000000
2.8949999809265	0.022091580554843	      -0.61788570880890	50.000000000000	0.0000000000000
2.9000000953674	0.020919742062688	      -0.61692535877228	50.000000000000	0.0000000000000
2.9049999713898	0.019736431539059	      -0.61597567796707	50.000000000000	0.0000000000000
2.9100000858307	0.018541134893894	      -0.61503571271896	50.000000000000	0.0000000000000
2.9149999618530	0.017333656549454	      -0.61410486698151	50.000000000000	0.0000000000000
2.9200000762939	0.016113445162773	      -0.61318230628967	50.000000000000	0.0000000000000
2.9249999523163	0.014880446717143	      -0.61226713657379	50.000000000000	0.0000000000000
2.9300000667572	0.013634216971695	      -0.61135882139206	50.000000000000	0.0000000000000
2.9349999427795	0.012374489568174	      -0.61045634746552	50.000000000000	0.0000000000000
2.9400000572205	0.011101348325610	      -0.60955893993378	50.000000000000	0.0000000000000
2.9449999332428	0.0098143192008138	      -0.60866600275040	50.000000000000	0.0000000000000
2.9500000476837	0.0085134897381067	      -0.60777658224106	50.000000000000	0.0000000000000
2.9549999237061	0.0071986350230873	      -0.60688996315002	50.000000000000	0.0000000000000
2.9600000381470	0.0058699143119156	      -0.60600537061691	50.000000000000	0.0000000000000
2.9649999141693	0.0045271869748831	      -0.60512202978134	50.000000000000	0.0000000000000
2.9700000286102	0.0031704783905298	      -0.60423928499222	50.000000000000	0.0000000000000
2.9749999046326	0.0017999663250521	      -0.60335642099380	50.000000000000	0.0000000000000
2.9800000190735	0.00041552688344382	      -0.60247272253036	50.000000000000	0.0000000000000
2.9849998950958	      -0.00098265882115811	      -0.60158735513687	50.000000000000	0.0000000000000
2.9900000095367	      -0.0023944072891027	      -0.60069996118546	50.000000000000	0.0000000000000
2.9949998855591	      -0.0038195280358195	      -0.59980964660645	50.000000000000	0.0000000000000
3.0000000000000	      -0.0052578318864107	      -0.59891587495804	50.000000000000	0.0000000000000
3.0050001144409	      -0.0067092734389007	      -0.59801799058914	50.000000000000	0.0000000000000
3.0099999904633	      -0.0081735793501139	      -0.59711563587189	50.000000000000	0.0000000000000
3.0150001049042	      -0.0096504734829068	      -0.59620797634125	50.000000000000	0.0000000000000
3.0199999809265	      -0.011139829643071	      -0.59529465436935	50.000000000000	0.0000000000000
3.0250000953674	      -0.012641291134059	      -0.59437507390976	50.000000000000	0.0000000000000
3.0299999713898	      -0.014154577627778	      -0.59344887733459	50.000000000000	0.0000000000000
3.0350000858307	      -0.015679413452744	      -0.59251558780670	50.000000000000	0.0000000000000
3.0399999618530	      -0.017215732485056	      -0.59157454967499	50.000000000000	0.0000000000000
3.0450000762939	      -0.018763100728393	      -0.59062558412552	50.000000000000	0.0000000000000
3.0499999523163	      -0.020321287214756	      -0.58966821432114	50.000000000000	0.0000000000000
3.0550000667572	      -0.021890031173825	      -0.58870202302933	50.000000000000	0.0000000000000
3.0599999427795	      -0.023469021543860	      -0.58772677183151	50.000000000000	0.0000000000000
3.0650000572205	      -0.025058105587959	      -0.58674198389053	50.000000000000	0.0000000000000
3.0699999332428	      -0.026656854897738	      -0.58574730157852	50.000000000000	0.0000000000000
3.0750000476837	      -0.028265256434679	      -0.58474248647690	50.000000000000	0.0000000000000
3.0799999237061	      -0.029882797971368	      -0.58372724056244	50.000000000000	0.0000000000000
3.0850000381470	      -0.031509391963482	      -0.58270126581192	50.000000000000	0.0000000000000
3.0899999141693	      -0.033144809305668	      -0.58166426420212	50.000000000000	0.0000000000000
3.0950000286102	      -0.034788668155670	      -0.58061581850052	50.000000000000	0.0000000000000
3.0999999046326	      -0.036440949887037	      -0.57955580949783	50.000000000000	0.0000000000000
3.1050000190735	      -0.038101274520159	      -0.57848393917084	50.000000000000	0.0000000000000
3.1099998950958	      -0.039769537746906	      -0.57739990949631	50.000000000000	0.0000000000000
3.1150000095367	      -0.041445497423410	      -0.57630342245102	50.000000000000	0.0000000000000
3.1199998855591	      -0.043128903955221	      -0.57519423961639	50.000000000000	0.0000000000000
3.1250000000000	      -0.044819656759501	      -0.57407200336456	50.000000000000	0.0000000000000
3.1300001144409	      -0.046517390757799	      -0.57293659448624	50.000000000000	0.0000000000000
3.1349999904633	      -0.048222035169601	      -0.57178759574890	50.000000000000	0.0000000000000
3.1400001049042	      -0.049933437258005	      -0.57062482833862	50.000000000000	0.0000000000000
3.1449999809265	      -0.051651250571012	      -0.56944787502289	50.000000000000	0.0000000000000
3.1500000953674	      -0.053375426679850	      -0.56825655698776	50.000000000000	0.0000000000000
3.1549999713898	      -0.055105626583099	      -0.56705057621002	50.000000000000	0.0000000000000
3.1600000858307	      -0.056841738522053	      -0.56582951545715	50.000000000000	0.0000000000000
3.1649999618530	      -0.058583486825228	      -0.56459313631058	50.000000000000	0.0000000000000
3.1700000762939	      -0.060330640524626	      -0.56334114074707	50.000000000000	0.0000000000000
3.1749999523163	      -0.062083046883345	      -0.56207317113876	50.000000000000	0.0000000000000
3.1800000667572	      -0.063840396702290	      -0.56078892946243	50.000000000000	0.0000000000000
3.1849999427795	      -0.065602354705334	      -0.55948799848557	50.000000000000	0.0000000000000
3.1900000572205	      -0.067368812859058	      -0.55817025899887	50.000000000000	0.0000000000000
3.1949999332428	      -0.069139450788498	      -0.55683511495590	50.000000000000	0.0000000000000
3.2000000476837	      -0.070913940668106	      -0.55548238754272	50.000000000000	0.0000000000000
3.2049999237061	      -0.072691857814789	      -0.55411177873611	50.000000000000	0.0000000000000
3.2100000381470	      -0.074473075568676	      -0.55272287130356	50.000000000000	0.0000000000000
3.2149999141693	      -0.076257109642029	      -0.55131530761719	50.000000000000	0.0000000000000
3.2200000286102	      -0.078043580055237	      -0.54988890886307	50.000000000000	0.0000000000000
3.2249999046326	      -0.079832226037979	      -0.54844325780869	50.000000000000	0.0000000000000
3.2300000190735	      -0.081622533500195	      -0.54697811603546	50.000000000000	0.0000000000000
3.2349998950958	      -0.083414129912853	      -0.54549306631088	50.000000000000	0.0000000000000
3.2400000095367	      -0.085206642746925	      -0.54398798942566	50.000000000000	0.0000000000000
3.2449998855591	      -0.086999639868736	      -0.54246252775192	50.000000000000	0.0000000000000
3.2500000000000	      -0.088792391121387	      -0.54091644287109	50.000000000000	0.0000000000000
3.2550001144409	      -0.090584740042686	      -0.53934955596924	50.000000000000	0.0000000000000
3.2599999904633	      -0.092376075685024	      -0.53776139020920	50.000000000000	0.0000000000000
3.2650001049042	      -0.094165816903114	      -0.53615206480026	50.000000000000	0.0000000000000
3.2699999809265	      -0.095953620970249	      -0.53452134132385	50.000000000000	0.0000000000000
3.2750000953674	      -0.097738787531853	      -0.53286892175674	50.000000000000	0.0000000000000
3.2799999713898	      -0.099520884454250	      -0.53119462728500	50.000000000000	0.0000000000000
3.2850000858307	      -0.10129931569099	      -0.52949863672256	50.000000000000	0.0000000000000
3.2899999618530	      -0.10307364165783	      -0.52778053283691	50.000000000000	0.0000000000000
3.2950000762939	      -0.10484323650599	      -0.52604043483734	50.000000000000	0.0000000000000
3.2999999523163	      -0.10660748183727	      -0.52427828311920	50.000000000000	0.0000000000000
3.3050000667572	      -0.10836591571569	      -0.52249395847321	50.000000000000	0.0000000000000
3.3099999427795	      -0.11011809110641	      -0.52068752050400	50.000000000000	0.0000000000000
3.3150000572205	      -0.11186328530312	      -0.51885908842087	50.000000000000	0.0000000000000
3.3199999332428	      -0.11360111087561	      -0.51700848340988	50.000000000000	0.0000000000000
3.3250000476837	      -0.11533091962337	      -0.51513594388962	50.000000000000	0.0000000000000
3.3299999237061	      -0.11705225706100	      -0.51324152946472	50.000000000000	0.0000000000000
3.3350000381470	      -0.11876458674669	      -0.51132524013519	50.000000000000	0.0000000000000
3.3399999141693	      -0.12046749144793	      -0.50938749313354	50.000000000000	0.0000000000000
3.3450000286102	      -0.12216044962406	      -0.50742810964584	50.000000000000	0.0000000000000
3.3499999046326	      -0.12384292483330	      -0.50544744729996	50.000000000000	0.0000000000000
3.3550000190735	      -0.12551455199718	      -0.50344562530518	50.000000000000	0.0000000000000
3.3599998950958	      -0.12717488408089	      -0.50142282247543	50.000000000000	0.0000000000000
3.3650000095367	      -0.12882353365421	      -0.49937921762466	50.000000000000	0.0000000000000
3.3699998855591	      -0.13046005368233	      -0.49731507897377	50.000000000000	0.0000000000000
3.3750000000000	      -0.13208401203156	      -0.49523064494133	50.000000000000	0.0000000000000
3.3800001144409	      -0.13369518518448	      -0.49312603473663	50.000000000000	0.0000000000000
3.3849999904633	      -0.13529318571091	      -0.49100151658058	50.000000000000	0.0000000000000
3.3900001049042	      -0.13687761127949	      -0.48885732889175	50.000000000000	0.0000000000000
3.3949999809265	      -0.13844829797745	      -0.48669379949570	50.000000000000	0.0000000000000
3.4000000953674	      -0.14000472426414	      -0.48451098799706	50.000000000000	0.0000000000000
3.4049999713898	      -0.14154696464539	      -0.48230922222137	50.000000000000	0.0000000000000
3.4100000858307	      -0.14307445287704	      -0.48008865118027	50.000000000000	0.0000000000000
3.4149999618530	      -0.14458705484867	      -0.47784963250160	50.000000000000	0.0000000000000
3.4200000762939	      -0.14608462154865	      -0.47559219598770	50.000000000000	0.0000000000000
3.4249999523163	      -0.14756676554680	      -0.47331666946411	50.000000000000	0.0000000000000
3.4300000667572	      -0.14903348684311	      -0.47102305293083	50.000000000000	0.0000000000000
3.4349999427795	      -0.15048436820507	      -0.46871176362038	50.000000000000	0.0000000000000
3.4400000572205	      -0.15191932022572	      -0.46638289093971	50.000000000000	0.0000000000000
3.4449999332428	      -0.15333820879459	      -0.46403655409813	50.000000000000	0.0000000000000
3.4500000476837	      -0.15474081039429	      -0.46167287230492	50.000000000000	0.0000000000000
3.4549999237061	      -0.15612688660622	      -0.45929193496704	50.000000000000	0.0000000000000
3.4600000381470	      -0.15749624371529	      -0.45689401030540	50.000000000000	0.0000000000000
3.4649999141693	      -0.15884880721569	      -0.45447912812233	50.000000000000	0.0000000000000
3.4700000286102	      -0.16018427908421	      -0.45204737782478	50.000000000000	0.0000000000000
3.4749999046326	      -0.16150246560574	      -0.44959884881973	50.000000000000	0.0000000000000
3.4800000190735	      -0.16280323266983	      -0.44713363051414	50.000000000000	0.0000000000000
3.4849998950958	      -0.16408634185791	      -0.44465175271034	50.000000000000	0.0000000000000
3.4900000095367	      -0.16535158455372	      -0.44215327501297	50.000000000000	0.0000000000000
3.4949998855591	      -0.16659870743752	      -0.43963831663132	50.000000000000	0.0000000000000
3.5000000000000	      -0.16782739758492	      -0.43710690736771	50.000000000000	0.0000000000000
3.5050001144409	      -0.16903738677502	      -0.43455910682678	50.000000000000	0.0000000000000
3.5099999904633	      -0.17022858560085	      -0.43199491500854	50.000000000000	0.0000000000000
3.5150001049042	      -0.17140057682991	      -0.42941436171532	50.000000000000	0.0000000000000
3.5199999809265	      -0.17255304753780	      -0.42681759595871	50.000000000000	0.0000000000000
3.5250000953674	      -0.17368568480015	      -0.42420461773872	50.000000000000	0.0000000000000
3.5299999713898	      -0.17479816079140	      -0.42157542705536	50.000000000000	0.0000000000000
3.5350000858307	      -0.17589005827904	      -0.41893026232719	50.000000000000	0.0000000000000
3.5399999618530	      -0.17696106433868	      -0.41626906394958	50.000000000000	0.0000000000000
3.5450000762939	      -0.17801083624363	      -0.41359195113182	50.000000000000	0.0000000000000
3.5499999523163	      -0.17903910577297	      -0.41089904308319	50.000000000000	0.0000000000000
3.5550000667572	      -0.18004505336285	      -0.40819060802460	50.000000000000	0.0000000000000
3.5599999427795	      -0.18102873861790	      -0.40546655654907	50.000000000000	0.0000000000000
3.5650000572205	      -0.18198941648006	      -0.40272718667984	50.000000000000	0.0000000000000
3.5699999332428	      -0.18292687833309	      -0.39997258782387	50.000000000000	0.0000000000000
3.5750000476837	      -0.18384055793285	      -0.39720308780670	50.000000000000	0.0000000000000
3.5799999237061	      -0.18472999334335	      -0.39441883563995	50.000000000000	0.0000000000000
3.5850000381470	      -0.18559485673904	      -0.39162006974220	50.000000000000	0.0000000000000
3.5899999141693	      -0.18643459677696	      -0.38880714774132	50.000000000000	0.0000000000000
3.5950000286102	      -0.18724887073040	      -0.38598024845123	50.000000000000	0.0000000000000
3.5999999046326	      -0.18803709745407	      -0.38313981890678	50.000000000000	0.0000000000000
3.6050000190735	      -0.18879908323288	      -0.38028609752655	50.000000000000	0.0000000000000
3.6099998950958	      -0.18953421711922	      -0.37741947174072	50.000000000000	0.0000000000000
3.6150000095367	      -0.19024215638638	      -0.37454032897949	50.000000000000	0.0000000000000
3.6199998855591	      -0.19092258810997	      -0.37164917588234	50.000000000000	0.0000000000000
3.6250000000000	      -0.19157502055168	      -0.36874628067017	50.000000000000	0.0000000000000
3.6300001144409	      -0.19219914078712	      -0.36583220958710	50.000000000000	0.0000000000000
3.6349999904633	      -0.19279453158379	      -0.36290743947029	50.000000000000	0.0000000000000
3.6400001049042	      -0.19336092472076	      -0.35997244715691	50.000000000000	0.0000000000000
3.6449999809265	      -0.19389805197716	      -0.35702770948410	50.000000000000	0.0000000000000
3.6500000953674	      -0.19440564513206	      -0.35407370328903	50.000000000000	0.0000000000000
3.6549999713898	      -0.19488334655762	      -0.35111108422279	50.000000000000	0.0000000000000
3.6600000858307	      -0.19533105194569	      -0.34814026951790	50.000000000000	0.0000000000000
3.6649999618530	      -0.19574846327305	      -0.34516179561615	50.000000000000	0.0000000000000
3.6700000762939	      -0.19613544642925	      -0.34217634797096	50.000000000000	0.0000000000000
3.6749999523163	      -0.19649176299572	      -0.33918434381485	50.000000000000	0.0000000000000
3.6800000667572	      -0.19681745767593	      -0.33618640899658	50.000000000000	0.0000000000000
3.6849999427795	      -0.19711223244667	      -0.33318307995796	50.000000000000	0.0000000000000
3.6900000572205	      -0.19737617671490	      -0.33017486333847	50.000000000000	0.0000000000000
3.6949999332428	      -0.19760915637016	      -0.32716235518456	50.000000000000	0.0000000000000
3.7000000476837	      -0.19781111180782	      -0.32414606213570	50.000000000000	0.0000000000000
3.7049999237061	      -0.19798207283020	      -0.32112649083138	50.000000000000	0.0000000000000
3.7100000381470	      -0.19812200963497	      -0.31810417771339	50.000000000000	0.0000000000000
3.7149999141693	      -0.19823099672794	      -0.31507962942123	50.000000000000	0.0000000000000
3.7200000286102	      -0.19830909371376	      -0.31205332279205	50.000000000000	0.0000000000000
3.7249999046326	      -0.19835636019707	      -0.30902570486069	50.000000000000	0.0000000000000
3.7300000190735	      -0.19837298989296	      -0.30599707365036	50.000000000000	0.0000000000000
3.7349998950958	      -0.19835890829563	      -0.30296805500984	50.000000000000	0.0000000000000
3.7400000095367	      -0.19831401109695	      -0.29993912577629	50.000000000000	0.0000000000000
3.7449998855591	      -0.19823902845383	      -0.29691031575203	50.000000000000	0.0000000000000
3.7500000000000	      -0.19813326001167	      -0.29388257861137	50.000000000000	0.0000000000000
3.7550001144409	      -0.19799757003784	      -0.29085558652878	50.000000000000	0.0000000000000
3.7599999904633	      -0.19783170521259	      -0.28783011436462	50.000000000000	0.0000000000000
3.7650001049042	      -0.19763559103012	      -0.28480651974678	50.000000000000	0.0000000000000
3.7699999809265	      -0.19740971922874	      -0.28178477287292	50.000000000000	0.0000000000000
3.7750000953674	      -0.19715383648872	      -0.27876549959183	50.000000000000	0.0000000000000
3.7799999713898	      -0.19686847925186	      -0.27574849128723	50.000000000000	0.0000000000000
3.7850000858307	      -0.19655327498913	      -0.27273452281952	50.000000000000	0.0000000000000
3.7899999618530	      -0.19620850682259	      -0.26972350478172	50.000000000000	0.0000000000000
3.7950000762939	      -0.19583411514759	      -0.26671582460403	50.000000000000	0.0000000000000
3.7999999523163	      -0.19543030858040	      -0.26371169090271	50.000000000000	0.0000000000000
3.8050000667572	      -0.19499707221985	      -0.26071107387543	50.000000000000	0.0000000000000
3.8099999427795	      -0.19453422725201	      -0.25771453976631	50.000000000000	0.0000000000000
3.8150000572205	      -0.19404213130474	      -0.25472196936607	50.000000000000	0.0000000000000
3.8199999332428	      -0.19352012872696	      -0.25173404812813	50.000000000000	0.0000000000000
3.8250000476837	      -0.19296890497208	      -0.24875037372112	50.000000000000	0.0000000000000
3.8299999237061	      -0.19238804280758	      -0.24577151238918	50.000000000000	0.0000000000000
3.8350000381470	      -0.19177752733231	      -0.24279762804508	50.000000000000	0.0000000000000
3.8399999141693	      -0.19113710522652	      -0.23982906341553	50.000000000000	0.0000000000000
3.8450000286102	      -0.19046688079834	      -0.23686596751213	50.000000000000	0.0000000000000
3.8499999046326	      -0.18976667523384	      -0.23390857875347	50.000000000000	0.0000000000000
3.8550000190735	      -0.18903626501560	      -0.23095735907555	50.000000000000	0.0000000000000
3.8599998950958	      -0.18827579915524	      -0.22801223397255	50.000000000000	0.0000000000000
3.8650000095367	      -0.18748490512371	      -0.22507381439209	50.000000000000	0.0000000000000
3.8699998855591	      -0.18666338920593	      -0.22214251756668	50.000000000000	0.0000000000000
3.8750000000000	      -0.18581116199493	      -0.21921856701374	50.000000000000	0.0000000000000
3.8800001144409	      -0.18492826819420	      -0.21630217134953	50.000000000000	0.0000000000000
3.8849999904633	      -0.18401432037354	      -0.21339404582977	50.000000000000	0.0000000000000
3.8900001049042	      -0.18306924402714	      -0.21049448847771	50.000000000000	0.0000000000000
3.8949999809265	      -0.18209300935268	      -0.20760391652584	50.000000000000	0.0000000000000
3.9000000953674	      -0.18108533322811	      -0.20472298562527	50.000000000000	0.0000000000000
3.9049999713898	      -0.18004627525806	      -0.20185197889805	50.000000000000	0.0000000000000
3.9100000858307	      -0.17897549271584	      -0.19899176061153	50.000000000000	0.0000000000000
3.9149999618530	      -0.17787326872349	      -0.19614244997501	50.000000000000	0.0000000000000
3.9200000762939	      -0.17673920094967	      -0.19330497086048	50.000000000000	0.0000000000000
3.9249999523163	      -0.17557349801064	      -0.19047971069813	50.000000000000	0.0000000000000
3.9300000667572	      -0.17437607049942	      -0.18766739964485	50.000000000000	0.0000000000000
3.9349999427795	      -0.17314700782299	      -0.18486849963665	50.000000000000	0.0000000000000
3.9400000572205	      -0.17188626527786	      -0.18208388984203	50.000000000000	0.0000000000000
3.9449999332428	      -0.17059393227100	      -0.17931410670280	50.000000000000	0.0000000000000
3.9500000476837	      -0.16927029192448	      -0.17655962705612	50.000000000000	0.0000000000000
3.9549999237061	      -0.16791531443596	      -0.17382141947746	50.000000000000	0.0000000000000
3.9600000381470	      -0.16652926802635	      -0.17109993100166	50.000000000000	0.0000000000000
3.9649999141693	      -0.16511240601540	      -0.16839581727982	50.000000000000	0.0000000000000
3.9700000286102	      -0.16366484761238	      -0.16570988297462	50.000000000000	0.0000000000000
3.9749999046326	      -0.16218711435795	      -0.16304253041744	50.000000000000	0.0000000000000
3.9800000190735	      -0.16067922115326	      -0.16039483249187	50.000000000000	0.0000000000000
3.9849998950958	      -0.15914189815521	      -0.15776674449444	50.000000000000	0.0000000000000
3.9900000095367	      -0.15757513046265	      -0.15515957772732	50.000000000000	0.0000000000000
3.9949998855591	      -0.15597970783710	      -0.15257334709167	50.000000000000	0.0000000000000
4.0000000000000	      -0.15435586869717	      -0.15000885725021	50.000000000000	0.0000000000000
4.0050001144409	      -0.15270411968231	      -0.14746671915054	50.000000000000	0.0000000000000
4.0100002288818	      -0.15102496743202	      -0.14494729042053	50.000000000000	0.0000000000000
4.0149998664856	      -0.14931908249855	      -0.14245092868805	50.000000000000	0.0000000000000
4.0199999809265	      -0.14758670330048	      -0.13997848331928	50.000000000000	0.0000000000000
4.0250000953674	      -0.14582857489586	      -0.13753001391888	50.000000000000	0.0000000000000
4.0300002098083	      -0.14404527842999	      -0.13510604202747	50.000000000000	0.0000000000000
4.0349998474121	      -0.14223736524582	      -0.13270682096481	50.000000000000	0.0000000000000
4.0399999618530	      -0.14040543138981	      -0.13033267855644	50.000000000000	0.0000000000000
4.0450000762939	      -0.13855002820492	      -0.12798389792442	50.000000000000	0.0000000000000
4.0500001907349	      -0.13667178153992	      -0.12566073238850	50.000000000000	0.0000000000000
4.0549998283386	      -0.13477116823196	      -0.12336346507072	50.000000000000	0.0000000000000
4.0599999427795	      -0.13284893333912	      -0.12109204381704	50.000000000000	0.0000000000000
4.0650000572205	      -0.13090546429157	      -0.11884686350822	50.000000000000	0.0000000000000
4.0700001716614	      -0.12894146144390	      -0.11662774533033	50.000000000000	0.0000000000000
4.0749998092651	      -0.12695729732513	      -0.11443505436182	50.000000000000	0.0000000000000
4.0799999237061	      -0.12495371699333	      -0.11226850748062	50.000000000000	0.0000000000000
4.0850000381470	      -0.12293106317520	      -0.11012831330299	50.000000000000	0.0000000000000
4.0900001525879	      -0.12088976055384	      -0.10801450908184	50.000000000000	0.0000000000000
4.0949997901917	      -0.11883040517569	      -0.10592686384916	50.000000000000	0.0000000000000
4.0999999046326	      -0.11675328761339	      -0.10386551171541	50.000000000000	0.0000000000000
4.1050000190735	      -0.11465880274773	      -0.10183041542768	50.000000000000	0.0000000000000
4.1100001335144	      -0.11254735291004	      -0.099821366369724	50.000000000000	0.0000000000000
4.1149997711182	      -0.11041921377182	      -0.097838498651981	50.000000000000	0.0000000000000
4.1199998855591	      -0.10827475041151	      -0.095881476998329	50.000000000000	0.0000000000000
4.1250000000000	      -0.10611420124769	      -0.093950361013412	50.000000000000	0.0000000000000
4.1300001144409	      -0.10393774509430	      -0.092045113444328	50.000000000000	0.0000000000000
4.1350002288818	      -0.10174563527107	      -0.090165711939335	50.000000000000	0.0000000000000
4.1399998664856	      -0.099538102746010	      -0.088311880826950	50.000000000000	0.0000000000000
4.1449999809265	      -0.097315162420273	      -0.086483903229237	50.000000000000	0.0000000000000
4.1500000953674	      -0.095077067613602	      -0.084681510925293	50.000000000000	0.0000000000000
4.1550002098083	      -0.092823877930641	      -0.082904778420925	50.000000000000	0.0000000000000
4.1599998474121	      -0.090555705130100	      -0.081153772771358	50.000000000000	0.0000000000000
4.1649999618530	      -0.088272586464882	      -0.079428546130657	50.000000000000	0.0000000000000
4.1700000762939	      -0.085974618792534	      -0.077729158103466	50.000000000000	0.0000000000000
4.1750001907349	      -0.083661772310734	      -0.076055757701397	50.000000000000	0.0000000000000
4.1799998283386	      -0.081334263086319	      -0.074408315122128	50.000000000000	0.0000000000000
4.1849999427795	      -0.078991949558258	      -0.072787240147591	50.000000000000	0.0000000000000
4.1900000572205	      -0.076635032892227	      -0.071192540228367	50.000000000000	0.0000000000000
4.1950001716614	      -0.074263431131840	      -0.069624632596970	50.000000000000	0.0000000000000
4.1999998092651	      -0.071877337992191	      -0.068083606660366	50.000000000000	0.0000000000000
4.2049999237061	      -0.069476693868637	      -0.066569924354553	50.000000000000	0.0000000000000
4.2100000381470	      -0.067061722278595	      -0.065083779394627	50.000000000000	0.0000000000000
4.2150001525879	      -0.064632490277290	      -0.063625559210777	50.000000000000	0.0000000000000
4.2199997901917	      -0.062189169228077	      -0.062195640057325	50.000000000000	0.0000000000000
4.2249999046326	      -0.059731882065535	      -0.060794461518526	50.000000000000	0.0000000000000
4.2300000190735	      -0.057260878384113	      -0.059422418475151	50.000000000000	0.0000000000000
4.2350001335144	      -0.054776392877102	      -0.058079939335585	50.000000000000	0.0000000000000
4.2399997711182	      -0.052278719842434	      -0.056767430156469	50.000000000000	0.0000000000000
4.2449998855591	      -0.049768131226301	      -0.055485460907221	50.000000000000	0.0000000000000
4.2500000000000	      -0.047245018184185	      -0.054234433919191	50.000000000000	0.0000000000000
4.2550001144409	      -0.044709801673889	      -0.053014773875475	50.000000000000	0.0000000000000
4.2600002288818	      -0.042162880301476	      -0.051827013492584	50.000000000000	0.0000000000000
4.2649998664856	      -0.039604794234037	      -0.050671536475420	50.000000000000	0.0000000000000
4.2699999809265	      -0.037036038935184	      -0.049548842012882	50.000000000000	0.0000000000000
4.2750000953674	      -0.034457199275494	      -0.048459317535162	50.000000000000	0.0000000000000
4.2800002098083	      -0.031868912279606	      -0.047403369098902	50.000000000000	0.0000000000000
4.2849998474121	      -0.029271828010678	      -0.046381354331970	50.000000000000	0.0000000000000
4.2899999618530	      -0.026666620746255	      -0.045393638312817	50.000000000000	0.0000000000000
4.2950000762939	      -0.024054033681750	      -0.044440533965826	50.000000000000	0.0000000000000
4.3000001907349	      -0.021434830501676	      -0.043522279709578	50.000000000000	0.0000000000000
4.3049998283386	      -0.018809828907251	      -0.042639091610909	50.000000000000	0.0000000000000
4.3099999427795	      -0.016179807484150	      -0.041791182011366	50.000000000000	0.0000000000000
4.3150000572205	      -0.013545637950301	      -0.040978640317917	50.000000000000	0.0000000000000
4.3200001716614	      -0.010908136144280	      -0.040201574563980	50.000000000000	0.0000000000000
4.3249998092651	      -0.0082682184875011	      -0.039459969848394	50.000000000000	0.0000000000000
4.3299999237061	      -0.0056267115287483	      -0.038753822445869	50.000000000000	0.0000000000000
4.3350000381470	      -0.0029845118988305	      -0.038083016872406	50.000000000000	0.0000000000000
4.3400001525879	      -0.00034247300936840	      -0.037447433918715	50.000000000000	0.0000000000000
4.3449997901917	0.0022985162213445	      -0.036846820265055	50.000000000000	0.0000000000000
4.3499999046326	0.0049376534298062	      -0.036280956119299	50.000000000000	0.0000000000000
4.3550000190735	0.0075740888714790	      -0.035749498754740	50.000000000000	0.0000000000000
4.3600001335144	0.010207037441432	      -0.035252101719379	50.000000000000	0.0000000000000
4.3649997711182	0.012835754081607	      -0.034788329154253	50.000000000000	0.0000000000000
4.3699998855591	0.015459475107491	      -0.034357689321041	50.000000000000	0.0000000000000
4.3750000000000	0.018077569082379	      -0.033959712833166	50.000000000000	0.0000000000000
4.3800001144409	0.020689342170954	      -0.033593792468309	50.000000000000	0.0000000000000
4.3850002288818	0.023294257000089	      -0.033259376883507	50.000000000000	0.0000000000000
4.3899998664856	0.025891764089465	      -0.032955832779408	50.000000000000	0.0000000000000
4.3949999809265	0.028481382876635	      -0.032682497054338	50.000000000000	0.0000000000000
4.4000000953674	0.031062716618180	      -0.032438721507788	50.000000000000	0.0000000000000
4.4050002098083	0.033635392785072	      -0.032223798334599	50.000000000000	0.0000000000000
4.4099998474121	0.036199137568474	      -0.032037053257227	50.000000000000	0.0000000000000
4.4149999618530	0.038753736764193	      -0.031877797096968	50.000000000000	0.0000000000000
4.4200000762939	0.041299011558294	      -0.031745336949825	50.000000000000	0.0000000000000
4.4250001907349	0.043834887444973	      -0.031638991087675	50.000000000000	0.0000000000000
4.4299998283386	0.046361323446035	      -0.031558111310005	50.000000000000	0.0000000000000
4.4349999427795	0.048878356814384	      -0.031502064317465	50.000000000000	0.0000000000000
4.4400000572205	0.051386073231697	      -0.031470246613026	50.000000000000	0.0000000000000
4.4450001716614	0.053884617984295	      -0.031462099403143	50.000000000000	0.0000000000000
4.4499998092651	0.056374195963144	      -0.031477101147175	50.000000000000	0.0000000000000
4.4549999237061	0.058855041861534	      -0.031514775007963	50.000000000000	0.0000000000000
4.4600000381470	0.061327457427979	      -0.031574722379446	50.000000000000	0.0000000000000
4.4650001525879	0.063791751861572	      -0.031656570732594	50.000000000000	0.0000000000000
4.4699997901917	0.066248290240765	      -0.031760040670633	50.000000000000	0.0000000000000
4.4749999046326	0.068697437644005	      -0.031884897500277	50.000000000000	0.0000000000000
4.4800000190735	0.071139603853226	      -0.032030988484621	50.000000000000	0.0000000000000
4.4850001335144	0.073575183749199	      -0.032198224216700	50.000000000000	0.0000000000000
4.4899997711182	0.076004587113857	      -0.032386604696512	50.000000000000	0.0000000000000
4.4949998855591	0.078428208827972	      -0.032596182078123	50.000000000000	0.0000000000000
4.5000000000000	0.080846428871155	      -0.032827097922564	50.000000000000	0.0000000000000
4.5050001144409	0.083259612321854	      -0.033079560846090	50.000000000000	0.0000000000000
4.5100002288818	0.085668101906776	      -0.033353853970766	50.000000000000	0.0000000000000
4.5149998664856	0.088072173297405	      -0.033650331199169	50.000000000000	0.0000000000000
4.5199999809265	0.090472072362900	      -0.033969398587942	50.000000000000	0.0000000000000
4.5250000953674	0.092868000268936	      -0.034311540424824	50.000000000000	0.0000000000000
4.5300002098083	0.095260076224804	      -0.034677285701036	50.000000000000	0.0000000000000
4.5349998474121	0.097648374736309	      -0.035067211836576	50.000000000000	0.0000000000000
4.5399999618530	0.10003287345171	      -0.035481959581375	50.000000000000	0.0000000000000
4.5450000762939	0.10241348296404	      -0.035922173410654	50.000000000000	0.0000000000000
4.5500001907349	0.10479002445936	      -0.036388561129570	50.000000000000	0.0000000000000
4.5549998283386	0.10716223716736	      -0.036881815642118	50.000000000000	0.0000000000000
4.5599999427795	0.10952976346016	      -0.037402674555779	50.000000000000	0.0000000000000
4.5650000572205	0.11189213395119	      -0.037951856851578	50.000000000000	0.0000000000000
4.5700001716614	0.11424882709980	      -0.038530074059963	50.000000000000	0.0000000000000
4.5749998092651	0.11659917235374	      -0.039138033986092	50.000000000000	0.0000000000000
4.5799999237061	0.11894241720438	      -0.039776407182217	50.000000000000	0.0000000000000
4.5850000381470	0.12127774208784	      -0.040445812046528	50.000000000000	0.0000000000000
4.5900001525879	0.12360421568155	      -0.041146852076054	50.000000000000	0.0000000000000
4.5949997901917	0.12592080235481	      -0.041880045086145	50.000000000000	0.0000000000000
4.5999999046326	0.12822636961937	      -0.042645841836929	50.000000000000	0.0000000000000
4.6050000190735	0.13051977753639	      -0.043444637209177	50.000000000000	0.0000000000000
4.6100001335144	0.13279968500137	      -0.044276714324951	50.000000000000	0.0000000000000
4.6149997711182	0.13506484031677	      -0.045142278075218	50.000000000000	0.0000000000000
4.6199998855591	0.13731378316879	      -0.046041417866945	50.000000000000	0.0000000000000
4.6250000000000	0.13954511284828	      -0.046974122524261	50.000000000000	0.0000000000000
4.6300001144409	0.14175730943680	      -0.047940257936716	50.000000000000	0.0000000000000
4.6350002288818	0.14394888281822	      -0.048939570784569	50.000000000000	0.0000000000000
4.6399998664856	0.14611826837063	      -0.049971673637629	50.000000000000	0.0000000000000
4.6449999809265	0.14826393127441	      -0.051036052405834	50.000000000000	0.0000000000000
4.6500000953674	0.15038435161114	      -0.052132066339254	50.000000000000	0.0000000000000
4.6550002098083	0.15247797966003	      -0.053258925676346	50.000000000000	0.0000000000000
4.6599998474121	0.15454332530499	      -0.054415717720985	50.000000000000	0.0000000000000
4.6649999618530	0.15657894313335	      -0.055601377040148	50.000000000000	0.0000000000000
4.6700000762939	0.15858341753483	      -0.056814726442099	50.000000000000	0.0000000000000
4.6750001907349	0.16055542230606	      -0.058054439723492	50.000000000000	0.0000000000000
4.6799998283386	0.16249372065067	      -0.059319071471691	50.000000000000	0.0000000000000
4.6849999427795	0.16439712047577	      -0.060607075691223	50.000000000000	0.0000000000000
4.6900000572205	0.16626457870007	      -0.061916749924421	50.000000000000	0.0000000000000
4.6950001716614	0.16809515655041	      -0.063246332108974	50.000000000000	0.0000000000000
4.6999998092651	0.16988801956177	      -0.064593933522701	50.000000000000	0.0000000000000
4.7049999237061	0.17164252698421	      -0.065957590937614	50.000000000000	0.0000000000000
4.7100000381470	0.17335809767246	      -0.067335262894630	50.000000000000	0.0000000000000
4.7150001525879	0.17503435909748	      -0.068724833428860	50.000000000000	0.0000000000000
4.7199997901917	0.17667110264301	      -0.070124156773090	50.000000000000	0.0000000000000
4.7249999046326	0.17826826870441	      -0.071531035006046	50.000000000000	0.0000000000000
4.7300000190735	0.17982596158981	      -0.072943262755871	50.000000000000	0.0000000000000
4.7350001335144	0.18134447932243	      -0.074358604848385	50.000000000000	0.0000000000000
4.7399997711182	0.18282426893711	      -0.075774833559990	50.000000000000	0.0000000000000
4.7449998855591	0.18426598608494	      -0.077189758419991	50.000000000000	0.0000000000000
4.7500000000000	0.18567046523094	      -0.078601218760014	50.000000000000	0.0000000000000
4.7550001144409	0.18703870475292	      -0.080007106065750	50.000000000000	0.0000000000000
4.7600002288818	0.18837183713913	      -0.081405393779278	50.000000000000	0.0000000000000
4.7649998664856	0.18967123329639	      -0.082794100046158	50.000000000000	0.0000000000000
4.7699999809265	0.19093839824200	      -0.084171377122402	50.000000000000	0.0000000000000
4.7750000953674	0.19217497110367	      -0.085535511374474	50.000000000000	0.0000000000000
4.7800002098083	0.19338275492191	      -0.086884863674641	50.000000000000	0.0000000000000
4.7849998474121	0.19456370174885	      -0.088217966258526	50.000000000000	0.0000000000000
4.7899999618530	0.19571985304356	      -0.089533485472202	50.000000000000	0.0000000000000
4.7950000762939	0.19685339927673	      -0.090830296278000	50.000000000000	0.0000000000000
4.8000001907349	0.19796659052372	      -0.092107385396957	50.000000000000	0.0000000000000
4.8049998283386	0.19906179606915	      -0.093364000320435	50.000000000000	0.0000000000000
4.8099999427795	0.20014147460461	      -0.094599515199661	50.000000000000	0.0000000000000
4.8150000572205	0.20120804011822	      -0.095813550055027	50.000000000000	0.0000000000000
4.8200001716614	0.20226407051086	      -0.097005888819695	50.000000000000	0.0000000000000
4.8249998092651	0.20331205427647	      -0.098176546394825	50.000000000000	0.0000000000000
4.8299999237061	0.20435452461243	      -0.099325783550739	50.000000000000	0.0000000000000
4.8350000381470	0.20539401471615	      -0.10045402497053	50.000000000000	0.0000000000000
4.8400001525879	0.20643298327923	      -0.10156191885471	50.000000000000	0.0000000000000
4.8449997901917	0.20747382938862	      -0.10265031456947	50.000000000000	0.0000000000000
4.8499999046326	0.20851895213127	      -0.10372029244900	50.000000000000	0.0000000000000
4.8550000190735	0.20957058668137	      -0.10477313399315	50.000000000000	0.0000000000000
4.8600001335144	0.21063086390495	      -0.10581027716398	50.000000000000	0.0000000000000
4.8649997711182	0.21170181035995	      -0.10683338344097	50.000000000000	0.0000000000000
4.8699998855591	0.21278533339500	      -0.10784424096346	50.000000000000	0.0000000000000
4.8750000000000	0.21388311684132	      -0.10884485393763	50.000000000000	0.0000000000000
4.8800001144409	0.21499677002430	      -0.10983733087778	50.000000000000	0.0000000000000
4.8850002288818	0.21612760424614	      -0.11082392930984	50.000000000000	0.0000000000000
4.8899998664856	0.21727684140205	      -0.11180701851845	50.000000000000	0.0000000000000
4.8949999809265	0.21844543516636	      -0.11278907954693	50.000000000000	0.0000000000000
4.9000000953674	0.21963416039944	      -0.11377267539501	50.000000000000	0.0000000000000
4.9050002098083	0.22084352374077	      -0.11476042121649	50.000000000000	0.0000000000000
4.9099998474121	0.22207388281822	      -0.11575496941805	50.000000000000	0.0000000000000
4.9149999618530	0.22332525253296	      -0.11675903201103	50.000000000000	0.0000000000000
4.9200000762939	0.22459752857685	      -0.11777532100677	50.000000000000	0.0000000000000
4.9250001907349	0.22589032351971	      -0.11880647391081	50.000000000000	0.0000000000000
4.9299998283386	0.22720298171043	      -0.11985517293215	50.000000000000	0.0000000000000
4.9349999427795	0.22853469848633	      -0.12092399597168	50.000000000000	0.0000000000000
4.9400000572205	0.22988438606262	      -0.12201549857855	50.000000000000	0.0000000000000
4.9450001716614	0.23125076293945	      -0.12313205748796	50.000000000000	0.0000000000000
4.9499998092651	0.23263235390186	      -0.12427599728107	50.000000000000	0.0000000000000
4.9549999237061	0.23402747511864	      -0.12544952332973	50.000000000000	0.0000000000000
4.9600000381470	0.23543423414230	      -0.12665466964245	50.000000000000	0.0000000000000
4.9650001525879	0.23685058951378	      -0.12789328396320	50.000000000000	0.0000000000000
4.9699997901917	0.23827435076237	      -0.12916709482670	50.000000000000	0.0000000000000
4.9749999046326	0.23970319330692	      -0.13047759234905	50.000000000000	0.0000000000000
4.9800000190735	0.24113459885120	      -0.13182610273361	50.000000000000	0.0000000000000
4.9850001335144	0.24256601929665	      -0.13321369886398	50.000000000000	0.0000000000000
4.9899997711182	0.24399483203888	      -0.13464123010635	50.000000000000	0.0000000000000
4.9949998855591	0.24541825056076	      -0.13610942661762	50.000000000000	0.0000000000000
5.0000000000000	0.24683357775211	      -0.13761866092682	50.000000000000	0.0000000000000
5.0050001144409	0.24823790788651	      -0.13916908204556	50.000000000000	0.0000000000000
5.0100002288818	0.24962852895260	      -0.14076070487499	50.000000000000	0.0000000000000
5.0149998664856	0.25100260972977	      -0.14239321649075	50.000000000000	0.0000000000000
5.0199999809265	0.25235736370087	      -0.14406606554985	50.000000000000	0.0000000000000
5.0250000953674	0.25369015336037	      -0.14577856659889	50.000000000000	0.0000000000000
5.0300002098083	0.25499826669693	      -0.14752967655659	50.000000000000	0.0000000000000
5.0349998474121	0.25627920031548	      -0.14931829273701	50.000000000000	0.0000000000000
5.0399999618530	0.25753057003021	      -0.15114299952984	50.000000000000	0.0000000000000
5.0450000762939	0.25875002145767	      -0.15300218760967	50.000000000000	0.0000000000000
5.0500001907349	0.25993540883064	      -0.15489412844181	50.000000000000	0.0000000000000
5.0549998283386	0.26108476519585	      -0.15681691467762	50.000000000000	0.0000000000000
5.0599999427795	0.26219624280930	      -0.15876841545105	50.000000000000	0.0000000000000
5.0650000572205	0.26326820254326	      -0.16074645519257	50.000000000000	0.0000000000000
5.0700001716614	0.26429921388626	      -0.16274869441986	50.000000000000	0.0000000000000
5.0749998092651	0.26528808474541	      -0.16477268934250	50.000000000000	0.0000000000000
5.0799999237061	0.26623368263245	      -0.16681595146656	50.000000000000	0.0000000000000
5.0850000381470	0.26713526248932	      -0.16887588799000	50.000000000000	0.0000000000000
5.0900001525879	0.26799225807190	      -0.17094992101192	50.000000000000	0.0000000000000
5.0949997901917	0.26880422234535	      -0.17303538322449	50.000000000000	0.0000000000000
5.0999999046326	0.26957109570503	      -0.17512963712215	50.000000000000	0.0000000000000
5.1050000190735	0.27029287815094	      -0.17723006010056	50.000000000000	0.0000000000000
5.1100001335144	0.27096992731094	      -0.17933408915997	50.000000000000	0.0000000000000
5.1149997711182	0.27160266041756	      -0.18143916130066	50.000000000000	0.0000000000000
5.1199998855591	0.27219188213348	      -0.18354283273220	50.000000000000	0.0000000000000
5.1250000000000	0.27273842692375	      -0.18564277887344	50.000000000000	0.0000000000000
5.1300001144409	0.27324333786964	      -0.18773669004440	50.000000000000	0.0000000000000
5.1350002288818	0.27370798587799	      -0.18982248008251	50.000000000000	0.0000000000000
5.1399998664856	0.27413371205330	      -0.19189813733101	50.000000000000	0.0000000000000
5.1449999809265	0.27452212572098	      -0.19396181404591	50.000000000000	0.0000000000000
5.1500000953674	0.27487489581108	      -0.19601182639599	50.000000000000	0.0000000000000
5.1550002098083	0.27519384026527	      -0.19804669916630	50.000000000000	0.0000000000000
5.1599998474121	0.27548086643219	      -0.20006506145000	50.000000000000	0.0000000000000
5.1649999618530	0.27573797106743	      -0.20206585526466	50.000000000000	0.0000000000000
5.1700000762939	0.27596721053123	      -0.20404805243015	50.000000000000	0.0000000000000
5.1750001907349	0.27617070078850	      -0.20601098239422	50.000000000000	0.0000000000000
5.1799998283386	0.27635052800179	      -0.20795401930809	50.000000000000	0.0000000000000
5.1849999427795	0.27650880813599	      -0.20987689495087	50.000000000000	0.0000000000000
5.1900000572205	0.27664771676064	      -0.21177940070629	50.000000000000	0.0000000000000
5.1950001716614	0.27676934003830	      -0.21366159617901	50.000000000000	0.0000000000000
5.1999998092651	0.27687567472458	      -0.21552376449108	50.000000000000	0.0000000000000
5.2049999237061	0.27696871757507	      -0.21736626327038	50.000000000000	0.0000000000000
5.2100000381470	0.27705031633377	      -0.21918968856335	50.000000000000	0.0000000000000
5.2150001525879	0.27712234854698	      -0.22099481523037	50.000000000000	0.0000000000000
5.2199997901917	0.27718645334244	      -0.22278253734112	50.000000000000	0.0000000000000
5.2249999046326	0.27724418044090	      -0.22455388307571	50.000000000000	0.0000000000000
5.2300000190735	0.27729699015617	      -0.22631002962589	50.000000000000	0.0000000000000
5.2350001335144	0.27734616398811	      -0.22805228829384	50.000000000000	0.0000000000000
5.2399997711182	0.27739277482033	      -0.22978200018406	50.000000000000	0.0000000000000
5.2449998855591	0.27743786573410	      -0.23150065541267	50.000000000000	0.0000000000000
5.2500000000000	0.27748215198517	      -0.23320975899696	50.000000000000	0.0000000000000
5.2550001144409	0.27752634882927	      -0.23491089046001	50.000000000000	0.0000000000000
5.2600002288818	0.27757084369659	      -0.23660565912724	50.000000000000	0.0000000000000
5.2649998664856	0.27761593461037	      -0.23829565942287	50.000000000000	0.0000000000000
5.2699999809265	0.27766168117523	      -0.23998248577118	50.000000000000	0.0000000000000
5.2750000953674	0.27770805358887	      -0.24166776239872	50.000000000000	0.0000000000000
5.2800002098083	0.27775487303734	      -0.24335300922394	50.000000000000	0.0000000000000
5.2849998474121	0.27780166268349	      -0.24503973126411	50.000000000000	0.0000000000000
5.2899999618530	0.27784785628319	      -0.24672932922840	50.000000000000	0.0000000000000
5.2950000762939	0.27789285778999	      -0.24842314422131	50.000000000000	0.0000000000000
5.3000001907349	0.27793574333191	      -0.25012242794037	50.000000000000	0.0000000000000
5.3049998283386	0.27797564864159	      -0.25182834267616	50.000000000000	0.0000000000000
5.3099999427795	0.27801144123077	      -0.25354179739952	50.000000000000	0.0000000000000
5.3150000572205	0.27804198861122	      -0.25526377558708	50.000000000000	0.0000000000000
5.3200001716614	0.27806609869003	      -0.25699502229691	50.000000000000	0.0000000000000
5.3249998092651	0.27808243036270	      -0.25873601436615	50.000000000000	0.0000000000000
5.3299999237061	0.27808958292007	      -0.26048734784126	50.000000000000	0.0000000000000
5.3350000381470	0.27808621525764	      -0.26224920153618	50.000000000000	0.0000000000000
5.3400001525879	0.27807092666626	      -0.26402175426483	50.000000000000	0.0000000000000
5.3449997901917	0.27804225683212	      -0.26580494642258	50.000000000000	0.0000000000000
5.3499999046326	0.27799880504608	      -0.26759868860245	50.000000000000	0.0000000000000
5.3550000190735	0.27793923020363	      -0.26940259337425	50.000000000000	0.0000000000000
5.3600001335144	0.27786219120026	      -0.27121615409851	50.000000000000	0.0000000000000
5.3649997711182	0.27776637673378	      -0.27303886413574	50.000000000000	0.0000000000000
5.3699998855591	0.27765065431595	      -0.27486985921860	50.000000000000	0.0000000000000
5.3750000000000	0.27751380205154	      -0.27670836448669	50.000000000000	0.0000000000000
5.3800001144409	0.27735486626625	      -0.27855333685875	50.000000000000	0.0000000000000
5.3850002288818	0.27717292308807	      -0.28040370345116	50.000000000000	0.0000000000000
5.3899998664856	0.27696716785431	      -0.28225827217102	50.000000000000	0.0000000000000
5.3949999809265	0.27673691511154	      -0.28411570191383	50.000000000000	0.0000000000000
5.4000000953674	0.27648165822029	      -0.28597483038902	50.000000000000	0.0000000000000
5.4050002098083	0.27620095014572	      -0.28783416748047	50.000000000000	0.0000000000000
5.4099998474121	0.27589449286461	      -0.28969237208366	50.000000000000	0.0000000000000
5.4149999618530	0.27556231617928	      -0.29154792428017	50.000000000000	0.0000000000000
5.4200000762939	0.27520436048508	      -0.29339936375618	50.000000000000	0.0000000000000
5.4250001907349	0.27482086420059	      -0.29524528980255	50.000000000000	0.0000000000000
5.4299998283386	0.27441197633743	      -0.29708439111710	50.000000000000	0.0000000000000
5.4349999427795	0.27397841215134	      -0.29891511797905	50.000000000000	0.0000000000000
5.4400000572205	0.27352058887482	      -0.30073627829552	50.000000000000	0.0000000000000
5.4450001716614	0.27303916215897	      -0.30254665017128	50.000000000000	0.0000000000000
5.4499998092651	0.27253520488739	      -0.30434492230415	50.000000000000	0.0000000000000
5.4549999237061	0.27200937271118	      -0.30613023042679	50.000000000000	0.0000000000000
5.4600000381470	0.27146315574646	      -0.30790126323700	50.000000000000	0.0000000000000
5.4650001525879	0.27089717984200	      -0.30965748429298	50.000000000000	0.0000000000000
5.4699997901917	0.27031302452087	      -0.31139796972275	50.000000000000	0.0000000000000
5.4749999046326	0.26971176266670	      -0.31312215328217	50.000000000000	0.0000000000000
5.4800000190735	0.26909491419792	      -0.31482949852943	50.000000000000	0.0000000000000
5.4850001335144	0.26846385002136	      -0.31651964783669	50.000000000000	0.0000000000000
5.4899997711182	0.26781961321831	      -0.31819254159927	50.000000000000	0.0000000000000
5.4949998855591	0.26716402173042	      -0.31984791159630	50.000000000000	0.0000000000000
5.5000000000000	0.26649829745293	      -0.32148587703705	50.000000000000	0.0000000000000
5.5050001144409	0.26582396030426	      -0.32310667634010	50.000000000000	0.0000000000000
5.5100002288818	0.26514205336571	      -0.32471066713333	50.000000000000	0.0000000000000
5.5149998664856	0.26445406675339	      -0.32629835605621	50.000000000000	0.0000000000000
5.5199999809265	0.26376113295555	      -0.32787027955055	50.000000000000	0.0000000000000
5.5250000953674	0.26306441426277	      -0.32942724227905	50.000000000000	0.0000000000000
5.5300002098083	0.26236507296562	      -0.33096992969513	50.000000000000	0.0000000000000
5.5349998474121	0.26166382431984	      -0.33249953389168	50.000000000000	0.0000000000000
5.5399999618530	0.26096183061600	      -0.33401674032211	50.000000000000	0.0000000000000
5.5450000762939	0.26025959849358	      -0.33552289009094	50.000000000000	0.0000000000000
5.5500001907349	0.25955787301064	      -0.33701902627945	50.000000000000	0.0000000000000
5.5549998283386	0.25885707139969	      -0.33850637078285	50.000000000000	0.0000000000000
5.5599999427795	0.25815749168396	      -0.33998626470566	50.000000000000	0.0000000000000
5.5650000572205	0.25745928287506	      -0.34145992994308	50.000000000000	0.0000000000000
5.5700001716614	0.25676265358925	      -0.34292864799500	50.000000000000	0.0000000000000
5.5749998092651	0.25606745481491	      -0.34439364075661	50.000000000000	0.0000000000000
5.5799999237061	0.25537365674973	      -0.34585613012314	50.000000000000	0.0000000000000
5.5850000381470	0.25468051433563	      -0.34731751680374	50.000000000000	0.0000000000000
5.5900001525879	0.25398790836334	      -0.34877881407738	50.000000000000	0.0000000000000
5.5949997901917	0.25329524278641	      -0.35024106502533	50.000000000000	0.0000000000000
5.5999999046326	0.25260153412819	      -0.35170546174049	50.000000000000	0.0000000000000
5.6050000190735	0.25190597772598	      -0.35317295789719	50.000000000000	0.0000000000000
5.6100001335144	0.25120791792870	      -0.35464417934418	50.000000000000	0.0000000000000
5.6149997711182	0.25050616264343	      -0.35612002015114	50.000000000000	0.0000000000000
5.6199998855591	0.24979962408543	      -0.35760110616684	50.000000000000	0.0000000000000
5.6250000000000	0.24908712506294	      -0.35908788442612	50.000000000000	0.0000000000000
5.6300001144409	0.24836756289005	      -0.36058074235916	50.000000000000	0.0000000000000
5.6350002288818	0.24763959646225	      -0.36207988858223	50.000000000000	0.0000000000000
5.6399998664856	0.24690203368664	      -0.36358541250229	50.000000000000	0.0000000000000
5.6449999809265	0.24615354835987	      -0.36509728431702	50.000000000000	0.0000000000000
5.6500000953674	0.24539291858673	      -0.36661532521248	50.000000000000	0.0000000000000
5.6550002098083	0.24461889266968	      -0.36813914775848	50.000000000000	0.0000000000000
5.6599998474121	0.24383026361465	      -0.36966839432716	50.000000000000	0.0000000000000
5.6649999618530	0.24302586913109	      -0.37120240926743	50.000000000000	0.0000000000000
5.6700000762939	0.24220465123653	      -0.37274044752121	50.000000000000	0.0000000000000
5.6750001907349	0.24136556684971	      -0.37428176403046	50.000000000000	0.0000000000000
5.6799998283386	0.24050779640675	      -0.37582534551620	50.000000000000	0.0000000000000
5.6849999427795	0.23963037133217	      -0.37737017869949	50.000000000000	0.0000000000000
5.6900000572205	0.23873265087605	      -0.37891513109207	50.000000000000	0.0000000000000
5.6950001716614	0.23781400918961	      -0.38045904040337	50.000000000000	0.0000000000000
5.6999998092651	0.23687407374382	      -0.38200059533119	50.000000000000	0.0000000000000
5.7049999237061	0.23591244220734	      -0.38353845477104	50.000000000000	0.0000000000000
5.7100000381470	0.23492892086506	      -0.38507136702538	50.000000000000	0.0000000000000
5.7150001525879	0.23392346501350	      -0.38659787178040	50.000000000000	0.0000000000000
5.7199997901917	0.23289613425732	      -0.38811665773392	50.000000000000	0.0000000000000
5.7249999046326	0.23184722661972	      -0.38962629437447	50.000000000000	0.0000000000000
5.7300000190735	0.23077701032162	      -0.39112553000450	50.000000000000	0.0000000000000
5.7350001335144	0.22968609631062	      -0.39261299371719	50.000000000000	0.0000000000000
5.7399997711182	0.22857505083084	      -0.39408746361732	50.000000000000	0.0000000000000
5.7449998855591	0.22744460403919	      -0.39554774761200	50.000000000000	0.0000000000000
5.7500000000000	0.22629575431347	      -0.39699280261993	50.000000000000	0.0000000000000
5.7550001144409	0.22512944042683	      -0.39842152595520	50.000000000000	0.0000000000000
5.7600002288818	0.22394679486752	      -0.39983308315277	50.000000000000	0.0000000000000
5.7649998664856	0.22274889051914	      -0.40122666954994	50.000000000000	0.0000000000000
5.7699999809265	0.22153708338737	      -0.40260165929794	50.000000000000	0.0000000000000
5.7750000953674	0.22031266987324	      -0.40395742654800	50.000000000000	0.0000000000000
5.7800002098083	0.21907705068588	      -0.40529367327690	50.000000000000	0.0000000000000
5.7849998474121	0.21783156692982	      -0.40661007165909	50.000000000000	0.0000000000000
5.7899999618530	0.21657764911652	      -0.40790659189224	50.000000000000	0.0000000000000
5.7950000762939	0.21531675755978	      -0.40918320417404	50.000000000000	0.0000000000000
5.8000001907349	0.21405038237572	      -0.41044008731842	50.000000000000	0.0000000000000
5.8049998283386	0.21277974545956	      -0.41167762875557	50.000000000000	0.0000000000000
5.8099999427795	0.21150635182858	      -0.41289627552032	50.000000000000	0.0000000000000
5.8150000572205	0.21023139357567	      -0.41409659385681	50.000000000000	0.0000000000000
5.8200001716614	0.20895615220070	      -0.41527938842773	50.000000000000	0.0000000000000
5.8249998092651	0.20768173038960	      -0.41644552350044	50.000000000000	0.0000000000000
5.8299999237061	0.20640918612480	      -0.41759592294693	50.000000000000	0.0000000000000
5.8350000381470	0.20513941347599	      -0.41873171925545	50.000000000000	0.0000000000000
5.8400001525879	0.20387324690819	      -0.41985401511192	50.000000000000	0.0000000000000
5.8449997901917	0.20261132717133	      -0.42096409201622	50.000000000000	0.0000000000000
5.8499999046326	0.20135428011417	      -0.42206332087517	50.000000000000	0.0000000000000
5.8550000190735	0.20010237395763	      -0.42315295338631	50.000000000000	0.0000000000000
5.8600001335144	0.19885596632957	      -0.42423450946808	50.000000000000	0.0000000000000
5.8649997711182	0.19761508703232	      -0.42530933022499	50.000000000000	0.0000000000000
5.8699998855591	0.19637973606586	      -0.42637881636620	50.000000000000	0.0000000000000
5.8750000000000	0.19514966011047	      -0.42744442820549	50.000000000000	0.0000000000000
5.8800001144409	0.19392453134060	      -0.42850747704506	50.000000000000	0.0000000000000
5.8850002288818	0.19270375370979	      -0.42956936359406	50.000000000000	0.0000000000000
5.8899998664856	0.19148680567741	      -0.43063127994537	50.000000000000	0.0000000000000
5.8949999809265	0.19027273356915	      -0.43169447779655	50.000000000000	0.0000000000000
5.9000000953674	0.18906079232693	      -0.43276003003120	50.000000000000	0.0000000000000
5.9050002098083	0.18784981966019	      -0.43382889032364	50.000000000000	0.0000000000000
5.9099998474121	0.18663877248764	      -0.43490192294121	50.000000000000	0.0000000000000
5.9149999618530	0.18542630970478	      -0.43597999215126	50.000000000000	0.0000000000000
5.9200000762939	0.18421122431755	      -0.43706363439560	50.000000000000	0.0000000000000
5.9250001907349	0.18299210071564	      -0.43815326690674	50.000000000000	0.0000000000000
5.9299998283386	0.18176752328873	      -0.43924924731255	50.000000000000	0.0000000000000
5.9349999427795	0.18053595721722	      -0.44035181403160	50.000000000000	0.0000000000000
5.9400000572205	0.17929597198963	      -0.44146087765694	50.000000000000	0.0000000000000
5.9450001716614	0.17804615199566	      -0.44257625937462	50.000000000000	0.0000000000000
5.9499998092651	0.17678496241570	      -0.44369763135910	50.000000000000	0.0000000000000
5.9549999237061	0.17551100254059	      -0.44482457637787	50.000000000000	0.0000000000000
5.9600000381470	0.17422287166119	      -0.44595640897751	50.000000000000	0.0000000000000
5.9650001525879	0.17291934788227	      -0.44709229469299	50.000000000000	0.0000000000000
5.9699997901917	0.17159916460514	      -0.44823142886162	50.000000000000	0.0000000000000
5.9749999046326	0.17026115953922	      -0.44937267899513	50.000000000000	0.0000000000000
5.9800000190735	0.16890442371368	      -0.45051479339600	50.000000000000	0.0000000000000
5.9850001335144	0.16752794384956	      -0.45165660977364	50.000000000000	0.0000000000000
5.9899997711182	0.16613109409809	      -0.45279666781425	50.000000000000	0.0000000000000
5.9949998855591	0.16471318900585	      -0.45393344759941	50.000000000000	0.0000000000000
6.0000000000000	0.16327387094498	      -0.45506551861763	50.000000000000	0.0000000000000
